4.177666208497248
4.077532512799371
3.9778685653989667
4.057223001099191
4.154280845401809
3.9640400022035465
4.131408418004867
4.097222330700606
4.193797519896179
4.018753352196654
4.079542825598037
4.238029447803274
3.9920279879006557
4.017505760298809
4.144293237203965
4.176865740201902
4.156708443700336
4.186100782098947
4.025129205302801
4.053437951998785
4.063134420497226
4.163525699402089
4.109862443001475
4.05482655550004
4.181053176897694
4.13291819189908
4.129054074501619
4.249119642199366
4.256271838498651
4.236351471097441
4.157897212600801
4.0634281533013565
4.119965903297998
4.127077636498143
4.006706200400368
4.116877362399828
4.139635642699432
4.179365414302447
4.177431782300118
4.030944009101949
6.724008515101741
6.753462050299277
6.627429781501997
6.6541049655003
6.679917946798378
6.539411900099367
6.748310934900656
6.663704535897705
7.164671614702092
6.734845117299119
6.733158285700483
6.794307047399343
6.649300057798973
6.758341631400981
6.611808397099958
6.742790145400795
6.684083248101524
6.774335754901403
6.599794316201587
6.640179389400873
