0.19137170020258054
0.1885919126973022
0.19500873769866303
0.18988593040267004
0.18508844189927914
0.18883721790043637
0.20473211310454645
0.19886244339868425
0.19340577099937944
0.1952680613962002
0.19501881900359877
0.1884150261990726
0.20566786550334654
0.18882411349914036
0.1849946931004524
0.18700827640132048
0.18266955490107648
0.1853499209973961
0.18389841120224446
0.18851318569504655
0.18778582669910976
0.18774209399998654
0.187936062598601
0.19368617489817552
0.19280504679773003
0.1878953448991524
0.19547223940026015
0.19277544080105144
0.1920643220015336
0.18504887520102783
0.1884028272004798
0.19153780800115783
0.19836173630028497
0.18975003469968216
0.1881787032005377
0.18497776319854892
0.18554114150174428
0.18419917360006366
0.1861184265988413
0.18503178850223775
0.32996119709860067
0.3034219006978674
0.31870593640196604
0.3289975386986043
0.3239425734995166
0.31398259770066944
0.3190588380006375
0.329303136098315
0.311797035500058
0.32102198000065985
0.32448270859895273
0.32130518020130694
0.3201962185004959
0.31906542719807474
0.3171502471028361
0.2987146683008177
0.33137396739912217
0.3222140259982552
0.3186453250993509
0.31593578129832167
