13.217642694397364
13.515169731603237
13.09112671019975
13.275035138998646
13.18345576930442
13.294290405296488
13.074389982799767
13.589969002804718
13.940354522399138
13.395321833400521
13.249128828098765
13.0090093419014
13.10066908110166
13.022855796304066
13.64516567470273
13.345313426305074
13.22249150769785
13.456963563495083
13.041100295295474
13.094859630399151
21.532648125398556
21.328753212298032
21.343606306999572
22.01228876550158
21.62230733569886
21.6561411364004
21.76403146390221
21.252978460601298
22.485820805901312
21.137222805802594
21.848794029900453
21.41320804730058
21.222174911599723
21.372126546001528
21.32975196480111
21.801404352099052
21.10297249639989
22.010651035699993
21.81647813989839
21.2400264839991
