0.5022558124968782
0.4888984075980261
0.490697219397407
0.4973515625053551
0.4901220970030408
0.5004304805013817
0.4720110819966067
0.4915440240991302
0.4794946550042368
0.47345873519661835
0.47913579560117797
0.4932937138015404
0.5042356188991107
0.4890375877963379
0.4750506470969412
0.5002940989972557
0.48577408569981345
0.49322916789678856
0.46207416499964893
0.48558739699656145
0.5147779789986089
0.49651187130075414
0.48432484079967253
0.484709653200116
0.4846304457983933
0.47709188259905205
0.49044175960007125
0.491161135098082
0.4836153976008063
0.4842918403999647
0.48755077890236864
0.467479521498899
0.4785532495006919
0.46925728140049616
0.4709624454990262
0.47230667229741813
0.4924771909980336
0.4753099903988186
0.46864773700071966
0.4797187320975354
0.8018149746989366
0.8244278788013617
0.8136215873004403
0.8143079761008266
0.8066984576988034
0.801021635098732
0.812064412800828
0.8117882138001733
0.7899779926985502
0.8133435766008915
0.795224117601174
0.7875745839002775
0.8006257653003559
0.7878800588019658
0.7846289100998547
0.8126590105996001
0.7781172173010418
0.7896905971021624
0.8219821114995284
0.8204012186994077
