47.4015047569992
44.850110937998394
46.13592575879884
46.04859963300405
45.60129667980364
45.94318547970033
45.7433998581022
47.66293168799602
45.665180939203125
44.71498526480282
45.428680201800304
47.84354185409611
45.115670852002225
46.24954642149969
45.94736954670516
44.50736317859846
45.86383103530388
44.74586018040427
45.17071895010304
44.399296374997355
73.20547728090023
74.79385090860015
75.09802913650056
74.09336176119977
74.85990954730077
72.72721960729977
74.37183195799881
73.48961924359901
73.71767206240038
73.75087867370166
73.32022588470136
73.90665834349929
75.08463569779997
74.11493700300052
73.88323108199984
73.87681231779861
73.77918359909964
74.92313102040207
73.33869751390012
73.9841245669988
