1.4114130288013258
1.3519416099006776
1.3734950702055357
1.3654020554968156
1.3778615050017833
1.308912469499046
1.332592495001154
1.367128694994608
1.3817023402021733
1.4006773324974346
1.3842730870994273
1.3676623568986543
1.334545425698161
1.3811073956021573
1.3085287648020312
1.3814194498001597
1.3797608788998332
1.3527922030014452
1.3532075461000204
1.3456195002014284
1.4064815439982339
1.3365597734984476
1.3656787628977327
1.310833844798617
1.34185944480123
1.3881900962995133
1.3596959424990929
1.424854149800376
1.3770074191997992
1.387970835599117
1.3579218954022507
1.389740880599129
1.3705628187017282
1.3399202464002884
1.3799586339999224
1.3119899087992963
1.3280458626017206
1.361767113400856
1.3454555287986296
1.3222263447009026
2.199201700600679
2.2730321851006012
2.2550353250000628
2.2101176648022376
2.217487141501624
2.2675734858989016
2.3070279344014124
2.2452178534993434
2.230358181300107
2.2378464365989204
2.254023913599667
2.2492267335997895
2.2195386368985055
2.249502357500023
2.2735983688005943
2.2295062349992802
2.223850940199918
2.2616506393998863
2.1844436933024554
2.2352370767999674
