0.07824609539820812
0.07599708269699476
0.07962301470106467
0.07549615289899521
0.07746320260339416
0.07909321609768086
0.08010637289844454
0.07818740560323931
0.07871306540328078
0.072283319698181
0.07180297350278124
0.07421261990093626
0.07389671230339445
0.07600881669786759
0.07842331330175512
0.07734768149675801
0.0763273925986141
0.07506526309880428
0.07977224210044369
0.08038201719755307
0.07704507680027746
0.07326141009980347
0.07005269349901937
0.07376033579930663
0.07836334219900891
0.07779989519913215
0.07934357289923355
0.07718998780183028
0.07694699470011983
0.0792206050013192
0.07816056250012479
0.07790117690165062
0.07541492299933453
0.07457370460033416
0.07625844459980727
0.07718493950087577
0.07668760160158854
0.08122686040005647
0.07328269409772474
0.0770244476996595
0.12839949899935163
0.12784699689946138
0.12578366489906329
0.12837542799825313
0.13260351579810958
0.13677859390154481
0.13610374100098852
0.12806908230122643
0.136162375099957
0.1358788841025671
0.1349223241006257
0.13139763250073883
0.12800231460132636
0.12548603290051688
0.12730193510069512
0.12990776830120013
0.13128266720159446
0.12369490069977473
0.12670118380046916
0.13212773599952926
