171.14348668520105
165.3790147194988
164.40616645240226
162.5869502905989
163.00378186680027
161.46667443869518
165.901618542301
167.37157537699676
167.75652847579914
168.19515016009683
161.73241156580042
162.10086771090283
162.8179151149001
164.48847083710135
176.1395818015968
164.42539720200003
161.7651276356017
164.46615079969632
165.58230019449837
163.99310231310082
169.59304784999986
167.7512829690997
166.5286849454016
170.01743564479983
162.59693355789932
269.7712180156988
271.8276982575015
270.26410667650055
270.3873497188994
266.1187568070018
262.2222107106994
