16.103186305001145
14.175828805498895
13.799874741998792
13.578790751998895
11.949808919001953
14.78668616899813
14.542745254504553
13.737266903503041
13.819110279502638
14.481893250500434
13.699992043999373
12.100861646496924
11.301010161994782
13.834532054497686
13.718754909503332
11.521898828505073
13.157988250502967
15.012452640505217
11.130684981500963
11.448412812998868
8.70664530749491
8.6315922424983
7.22117248250288
7.717135533501278
8.373078110002098
8.035027646503295
6.797421472991118
8.276673478001612
6.953975954500493
8.30550217498967
7.249166638503084
8.49477819900494
7.520559590004268
7.084158291501808
6.38192099549633
10.133174735499779
8.536992723995354
8.591456713998923
8.575215586010017
8.438197064999258
