0.20686126399959903
0.23349003650218947
0.21214783350296784
0.21409920299629448
0.20877995699993335
0.20410994599660626
0.19419409550027922
0.19880100450245664
0.20328765999875031
0.22147980050067417
0.2481066939944867
0.20032652500231052
0.2048386969981948
0.20068980049836682
0.2102058165037306
0.19834667249961058
0.2390078695025295
0.20924191149970284
0.20938075950107304
0.21039327499602223
0.09735077749064658
0.1264136565005174
0.12381717449170537
0.12590743400505744
0.12808412050071638
0.12828737850941252
0.12500027200439945
0.1257117460045265
0.1264567479956895
0.1456330085056834
0.1276308475062251
0.1273341905034613
0.1210824669979047
0.12733304900757503
0.12780543850385584
0.13003317899710964
0.12864998499571811
0.12736010549997445
0.12239487499755342
0.12515305299893953
