63.80872953100334
64.2894907230002
56.55164682999748
62.05536718900112
49.44785067200428
47.10428137599956
61.91776363999816
58.05356891400152
55.69633823649929
70.0835883184991
55.32601223700476
48.000892802003364
51.18672956350201
52.92807729450578
53.27275382649532
48.16183069749968
49.03055686849984
59.016399628002546
58.82451535399741
63.32959869899787
37.441787089497666
38.96316126549209
37.41324443250778
31.200002550991485
35.704861389502184
37.30511444101285
35.7865831914969
31.578113659008523
33.36623797900393
43.48594742549176
38.69873983350408
37.03577502250846
35.437099978502374
35.72372216099757
36.74672098949668
40.21652786199411
30.048345603005146
35.36998514800507
35.992907909007045
35.43502807751065
