0.8200512725015869
0.7628052115032915
0.7441713775042444
0.8808195095043629
0.86890125550417
0.7489602384957834
0.7344180174986832
0.8521428969979752
0.7553197989982436
0.7752743015007582
0.9008710389971384
0.9017471100014518
0.5562956370049505
0.7454293094997411
0.7316249734940357
0.7490166429997771
0.8774719129942241
0.7356085294959485
0.7251280884956941
0.8860481875017285
0.5683948470104951
0.5492078414972639
0.47717537550488487
0.5460047324886546
0.5492713424901012
0.5315741395024816
0.5446749864931917
0.48324402449361514
0.4578098769998178
0.45619691199681256
0.4692679324944038
0.4207708254980389
0.46787421600311063
0.47122818349453155
0.4577772069897037
0.46831101148563903
0.4102708239952335
0.4622077950043604
0.4539956329972483
0.5305777745088562
