260.78171422599553
277.93373096150026
208.32688010449783
290.267377406999
281.73761850650044
211.4824343099972
254.35217862900026
264.51778063549864
262.3510369555006
209.2524468595002
204.909721652999
240.67945984750259
260.69883224149817
270.40677175799647
226.17802721950284
251.48183633049484
277.486472208504
217.2174217100037
278.29293110399885
226.4784700855016
165.80962456850102
137.9740063904901
168.11569455600693
201.6049031020084
198.0089698330121
172.0659660395031
169.89259348800988
166.59989058649808
159.78066574900004
160.11550284549594
167.63073855450784
153.82174830298754
156.51633177199983
155.0972292600054
166.31398993250332
172.87734291300876
162.9267650295078
168.66818355949363
152.37008607099415
168.03448931050661
