3.529407727495709
3.337227581505431
3.2821264899976086
3.7100599274999695
3.5574409065011423
3.4674269015013124
3.4307492205043673
2.952146919502411
3.4956559575002757
3.298752754999441
3.4848593105052714
3.6349620340042748
3.337367191998055
2.8775321600041934
2.571886290999828
3.330984961503418
3.545482631503546
3.5423878635047004
3.374421814500238
2.8812958920025267
2.0593182455049828
2.078634008503286
2.3059404059895314
2.113923775992589
2.1226426104985876
2.1959930074954173
2.16528020700207
1.6598778909974499
2.1288436015020125
2.1076686915039318
2.565222192002693
2.0973628094943706
2.1478588894970017
2.1534855910140323
2.039490137496614
2.2106263734895037
2.0643462745065335
2.040075668497593
2.0530339224933414
2.1450765204936033
