0.06079446499643382
0.062726358002692
0.060942300500755664
0.06253515199932735
0.06153974300104892
0.06194245850201696
0.06020239800272975
0.06351224100217223
0.06253512650437187
0.06028288750530919
0.060663240001304075
0.05865216099482495
0.062019466000492685
0.059560577501542866
0.056202885003585834
0.06401365449710283
0.061940653999045026
0.061356049998721574
0.06099205800273921
0.061452064001059625
0.037338011505198665
0.037644942494807765
0.03729753600782715
0.03750681549718138
0.03602644549391698
0.035596751506091096
0.03639656949962955
0.03692564900848083
0.03799235950282309
0.03638952749315649
0.0358474734966876
0.03783087449846789
0.037616205008816905
0.036982555509894155
0.0372663790039951
0.0376926720055053
0.0391591710067587
0.03774885649909265
0.03757310450600926
0.03767458850052208
