2.7044086089998016
2.9632196215970907
2.8837594219017775
2.9883153486996887
2.771345719503006
2.7113925432029644
2.885198394797044
2.8881776905967853
2.8970306997012814
2.918739697698038
2.7016998562961816
2.836462638899684
2.6538437388953753
2.8501267098996323
3.066148658801103
2.8445448633981867
2.7722684299980758
2.9582487055973616
2.6774124564020894
2.7941277476027606
2.9303741887997603
2.99656799720251
2.8672684943012428
2.7986066273006145
2.7654891219979616
2.7145294576999732
2.904205219898722
2.747552737800288
2.960022794199176
2.688248048699461
2.7065138946025398
3.090670104700257
2.7771117797994522
2.980971103499178
2.8183369908016176
2.771641961700516
3.0984439457999544
2.799396653199801
3.0015964446007275
2.818754093401367
