0.11384531669900752
0.12247227409970947
0.11348401930299587
0.12950968410004862
0.11146598989726045
0.11666920769494027
0.11850852729985491
0.11050431330222636
0.10329399990150705
0.09738224069587886
0.09617808100301772
0.12069854300352745
0.11547246040427125
0.11928320199949667
0.1241438795987051
0.12731950159650296
0.12006405210122466
0.11418578270240687
0.11141661139554344
0.11952289330074564
0.13803183889831416
0.10341342600004282
0.1126442742999643
0.10709264320030343
0.12366872660059017
0.10276148279954214
0.10848040450073312
0.11843476140056737
0.10722988659981639
0.10892352650116663
0.10670651529799216
0.11009760080196429
0.12393248260195833
0.10472290340112522
0.11600520839856472
0.11176975959970151
0.10903731569997036
0.10262096429942176
0.10391500699915923
0.10354631480004173
0.0663778285990702
0.11596229519927874
0.11253622299991548
0.11602370800101199
0.10694841840013396
0.11422506940143648
0.10562022060039453
0.10795288590015843
0.10500110380235128
0.10822844900249037
0.12280340439756401
0.11776237879821565
0.11456751369987614
0.09783329700003378
0.11288177619862835
0.1124105185008375
0.11582898600026965
0.12639843370125164
0.12342835680174176
0.11385527050006203
