0.2703473054978531
0.31079975300235674
0.2729226311959792
0.29863056750036776
0.28578270120196975
0.29548792489804326
0.2897170433949213
0.2832468695996795
0.2939818312996067
0.3004232512030285
0.3344042527023703
0.3030836461985018
0.27885256099980327
0.2619444704032503
0.287985580903478
0.2969519144971855
0.2667408727982547
0.3130753242992796
0.3062672904983629
0.27959624080103823
0.28406248680257706
0.27631066819885747
0.28912593010172716
0.2971491068979958
0.2787732519005658
0.2929150127980392
0.2600137415021891
0.2798103633977007
0.2665649853006471
0.25218979390047025
0.3056921055016574
0.32024379089998545
0.31558547989989166
0.2773179636977147
0.27779718620004135
0.318919027101947
0.29619836699857843
0.2808217640995281
0.30034638270153663
0.27920877110154835
0.29231367589964063
0.30407630420231724
0.2897099552996224
0.29393038029957097
0.2758642148983199
0.2918849520996446
0.2832451190013671
0.30720438349817414
0.3257981725997524
0.2862509289989248
