37.62732555170078
36.024949416302846
37.25147053870023
37.54629117359873
36.56830332659884
34.89114300510264
37.95330609059893
36.88166075560148
37.08339610300027
35.80874651850318
35.8596745886025
36.65752913439646
36.3629180473974
35.23789329539868
35.60739369739895
34.22138091580128
36.32575790900155
35.18826979550067
36.11028118640534
35.55680272029713
35.64475187849894
35.6621312045987
37.39323590850108
35.674257719898016
35.454866209201285
36.84080026530137
34.02698143220041
35.44972505969927
34.44156229090004
35.54904472560156
