0.8452779669023585
0.9637251919019036
0.8479260528984014
0.8599343082983978
0.8519111592962872
0.8422528812021483
0.8470072943950072
0.8297081122989767
1.0160649516968987
0.9084931582969148
0.7689305383013562
0.8734399445005693
0.8404880520014558
0.9610437287017704
0.8503653432009741
0.923712942498969
0.859148990502581
0.8226954581972677
0.8140976448019501
0.8564330593973863
0.8258099136000965
0.8655156380991684
0.8639516412978991
0.8094213067000965
0.7960139307018835
0.8149351071013371
0.7840409008000279
0.8737127722008153
0.8294806880003307
0.9451705431012669
0.9397995298990282
0.879983382098726
0.8722465219005244
0.8233144955011085
0.949008691299241
0.8535134136007401
0.8872775371972239
0.8632492935023037
0.8664561110024807
0.9259213020995958
