0.02674925490282476
0.031218170002102853
0.04239901439868845
0.04262538439943455
0.05393031280254945
0.05076579240267165
0.044777097000041975
0.05192785830004141
0.050865927897393706
0.06046873109880835
0.06129775770241395
0.04632035630056634
0.04709866140037775
0.04525039339787327
0.05225783989881165
0.04309931700117886
0.05333456710213795
0.056669589603552596
0.040814611199311915
0.049391302699223164
0.03082852189836558
0.02752899979823269
0.025980094500118865
0.03148895829799585
0.02888423080148641
0.026125923602376134
0.027890146398567593
0.029570759600028397
0.025608210399514063
0.031137226600549184
0.026534202799666673
0.026045379499555564
0.028190158098004757
0.02735950890055392
0.026918207001290283
0.026585363698541187
0.026652781100710853
0.03964701319928281
0.045318876998499034
0.04040929400071036
0.026342436598497443
0.026334346400108188
0.028340487700188533
0.026774579199263827
0.027858855901286006
0.02444544930185657
0.025060180597938596
0.02706271600036416
0.027844527902198025
0.02353154649899807
0.027892296900972724
0.025105200201505796
0.02414048690116033
0.030297521100146697
0.022706419799942524
0.02460768760065548
0.02844744010071736
0.027620342900627294
0.029715533601120114
0.02215125310176518
