3.7776741070963906
2.8804534833994695
3.7812203170964493
3.7675988536968363
3.8024356432026254
3.777979547303403
2.8546314858016557
2.8935572093003428
3.7877316525031346
3.893121183797484
2.87360086379922
3.7791238188045098
3.7734796430973803
3.7396749132021796
3.7840944371011576
3.773623823496746
3.072408625303069
2.93985766430269
3.862402966298396
3.7501916599983813
3.808619362898753
2.860364406899316
3.7588775281998097
3.8469129846984287
2.9663167670019903
2.9249816418014234
3.8443127198988805
3.9360997651005163
2.9502512970007957
3.7535678550018927
2.9821354701009115
3.75457418730075
3.8322159084986196
3.806914906098973
2.8303097691008587
3.8385145487001866
3.843115454801591
2.7521979392011415
3.7426942480000434
3.758501409299788
3.798732014099369
3.826348610900459
2.796309076898615
3.8349644886009626
3.828143140798784
3.753247205200023
3.7838623672985703
3.8154167695000067
2.911065474001225
2.9808988234988645
3.748366319100023
3.052605231598136
3.8270750856987434
3.787591873900965
3.750226973302779
3.7783523204008818
3.7760811238986207
3.7131754084024577
3.8017306125024333
3.726877202797914
