0.21573066029814073
0.2162263935955707
0.21878057469730267
0.21856490640202536
0.21271368240122684
0.2103428251983132
0.21653901229728945
0.2149285208026413
0.215741181303747
0.21442247319500893
0.21435028949636034
0.21612904819776305
0.2229764161980711
0.21662262380123137
0.2128586632956285
0.20805366719723678
0.210779098799685
0.21074741129996255
0.2064662438002415
0.21530979369999842
0.21546548909973354
0.2022689226985676
0.21373832710087298
0.2261713707994204
0.21160172979871278
0.2186695337004494
0.2143857596005546
0.21719808840134647
0.21932891469914467
0.21248065149993636
0.21905114319815766
0.22028994360007345
0.21190250990039203
0.2244713339023292
0.21592860860109794
0.21793134869949427
0.21420999270048924
0.2119427508005174
0.22019967380037997
0.2127685849001864
0.22053699050156866
0.22190730160218664
0.22702920529991388
0.234157006899477
0.21582175880030263
0.21906447140208912
0.22921974170021714
0.2265855203004321
0.20417912479897496
0.2201463088975288
0.21858592469943688
0.21316205250041093
0.2221005725004943
0.2324117233976722
0.22213488930137829
0.21772670079953968
0.2080002329981653
0.2155927209998481
0.22421659319952597
0.21909527360112407
