11.422987410495988
11.478968064801302
7.684618506295374
11.229225465795025
7.734162785799708
11.470705143501982
11.410496518400032
7.970501068898011
7.845872330496786
11.526926990802167
7.645943633199204
8.692763395101064
8.275367319799262
7.904445615998702
11.46389115760103
11.43637669859454
8.04815465270076
11.658412019896787
11.495316650299355
9.026467623899226
11.250349798001116
11.250407376099611
11.342338652099716
8.149634300798061
7.575832017097855
11.459785715999896
7.988736674998654
11.320161715298308
7.502444141701562
8.09441372109868
8.009695514701889
9.301244663700345
11.266036743900623
7.736430525998003
8.130465884399019
11.505996421497548
11.254186786699574
11.225359692200437
7.595753490499919
7.744049715797883
