0.5221354084031191
0.5271046134002972
0.5207233862020075
0.5266448477981612
0.5315686523041222
0.5249398505024147
0.5134309347951784
0.5294967797002755
0.5254078131983988
0.5183844059996773
0.5173780582030304
0.5187986976001412
0.49669576369924473
0.5229798617947381
0.516438447899418
0.502860200201394
0.5162430785014294
0.5147596623981372
0.518507143802708
0.5180369360023178
0.521026001899736
0.5181516221986385
0.5166301765013486
0.5244489181990503
0.5171348653995664
0.5214814871986164
0.5022337688977132
0.5199465710989898
0.5043786141002784
0.516410594098852
0.4421416708995821
0.5139035194995814
0.5293711261998396
0.5108404850005173
0.5246452906983905
0.522786033898592
0.5241574902000139
0.5151647810998838
0.5187662222015206
0.5137411454023095
0.5494029206020059
0.5268150800984586
0.537342457298655
0.5503941438015317
0.5406175796000753
0.5363024952006527
0.5375669302011374
0.5319174906006083
0.5382234522025101
0.5333618169999681
0.5172645635000663
0.5389689720002935
0.5275189637992298
0.5074929380993126
0.5225949855026556
0.5270765302004292
0.46300070310244335
0.5200008151005022
0.5412408133997815
0.5413450933003332
