21.633395132399166
37.345124494598714
22.27427071200218
24.02826010789722
22.23504364119726
23.904607246699744
23.824117217602907
21.750519784999778
36.68706869169837
37.03993905929965
23.45117980140494
22.20069417959894
23.118299316603224
36.56965935570188
36.37744228480151
36.77450711470446
21.841516182298072
21.722937246295622
22.843816435203188
21.192034924996552
37.395091892097845
22.509099440599677
37.16110432519927
22.597438823300763
22.2610994726012
36.45769746439764
21.565676099900156
21.462873574599506
22.89670477040054
21.24717798710044
36.55601491889975
36.30457435410062
21.59129962529987
25.578397108099306
36.19667446549865
36.04859332180058
23.873201226300445
21.697139384801268
35.869180924000105
36.569965321902416
22.911980541000958
23.517422034399353
22.078378607300692
21.37344661320094
21.391297668399055
21.416889975601226
36.67431781659834
21.100067707599372
21.366373134299646
37.143748609098836
22.099985108801047
36.701706499498684
20.967326355798285
36.70439341639867
21.19623844460002
21.542894027099827
21.98137735540222
22.27950595309958
23.76178192519874
22.757285606701043
