1.4193346293992364
1.3742768724972847
1.3699523273971863
1.3748291281983256
1.3989988661021926
1.3750172631989699
1.3209163959953003
1.373832255695015
1.3949464655015618
1.2951079413993285
1.1324012849014253
1.2827105425996705
1.1572313854005187
1.3484540750971064
1.3423466001986526
1.334365085203899
1.3561343564011623
1.1045363586978056
1.3922038134012837
1.3727388548024464
1.349357740598498
1.1412504153006011
1.3972795442008645
1.3662557528994512
1.1325566073996014
1.3953691003989661
1.357582488801563
1.3404947039001853
1.35861891109962
1.351832399200066
1.324108805198921
1.332344165199902
1.3666354749002494
1.2949241938011256
1.3344717308995313
1.110249199401005
1.3421334190992638
1.358884902301361
1.3234164224995766
1.3653655992995481
1.3820447803998832
1.1433551135007292
1.3839903490996222
1.3446986025985097
1.3534760576003464
1.3540199887007476
1.395029866299592
1.194902423399617
1.362017917301273
1.3734154653997392
1.38194764360087
1.070264049200341
1.3597257000976242
1.3226540228992234
1.3723723840987077
1.3531868165999186
1.3767127086000983
1.1413006607006537
1.3411022913991473
1.3680631832015933
