0.08968239919631742
0.08709836510242894
0.08471698590437882
0.09050781620317139
0.09253550000139513
0.09766871709725819
0.08865402740193531
0.09071150560048409
0.09401006059488282
0.09230434520286508
0.0916001460980624
0.08830444110208191
0.08824637199868449
0.08498199820169247
0.08542262500268408
0.09215696780011058
0.09534652049769647
0.09722055799793453
0.0913430664979387
0.09094636310474016
0.08693482669768855
0.09116210940119344
0.0875127892009914
0.09446474930155091
0.09146627970039845
0.09564098050177564
0.08747746000008191
0.08529950350057333
0.08903132849955
0.08570879229810088
0.09125769289967138
0.08766845460049807
0.0938631762022851
0.09025410100002773
0.09036692870140542
0.08634063049976248
0.08691726780089085
0.09417187850049231
0.08541728099808096
0.08703314890153706
0.05915911130141467
0.057165612300741485
0.05640742520045024
0.054607283399673176
0.06071900750102941
0.05852432600222528
0.05796577769797295
0.058315955798025246
0.08951862110116053
0.0964994148002006
0.09414347179990727
0.08873255999933463
0.08852239049738272
0.08857188170077279
0.09389553689979949
0.09536202029848936
0.09644960589939729
0.09505553350027185
0.09453133489878382
0.08960215740080457
