68.58093723600032
66.74550765739987
71.51093575749546
126.46042833380052
69.56734311479958
63.806112700904485
67.41799977880437
69.77027590340003
67.8457572692947
66.31900737910182
65.35645610560314
126.33792699249462
67.41154428630253
67.37621518649976
67.83922844550106
67.44456994119682
65.6842415268009
126.98891214809846
73.57928479850526
69.87813345339964
67.9562299348996
66.48001973569917
71.40338178889942
68.46999013219902
128.41466020850058
75.93790088019742
69.61755791009928
65.74701252849772
68.34891788389942
64.78855808200024
127.48651707209937
66.184916694602
68.22359865680046
67.22451398329868
66.36196551280155
128.3275157963013
67.8896440157987
68.17611661999835
66.68808288
68.47613892439986
