123.18318422579905
2048 2020
75.1242520090018
2048 2032
60.93386745429889
2048 2021
60.38314474320214
2048 2158
59.788756970199756
2048 2037
105.05470664520108
2048 2095
107.39227934159862
2048 1995
78.71984022579855
2048 2008
59.03038466750004
2048 2057
74.31054886610073
2048 2084
74.73829710600258
2048 2078
75.36852391660213
2048 2010
87.11822331830044
2048 2071
74.95141791909991
2048 2107
105.20976265200007
2048 2057
75.56114440099918
2048 2042
86.79009062710102
2048 1915
79.8370396785991
2048 2024
83.72983742679935
2048 1996
91.05990276889933
