3.09555987950298
2.8609499854035674
2.8859923900978175
3.002315746800741
3.073440329299774
2.8189490797987675
2.9352370405045805
2.877142669202294
2.838715018995572
2.9775388814974577
2.8642853443976493
2.8359339647984596
3.0129852283978833
3.104439327400178
2.9857135416998064
2.880118877498899
2.9595394244010094
2.8668937681009994
2.8386409420985728
2.9539256702002605
3.0614741199009585
2.8404802692995874
2.82580634909973
3.0386862068000484
2.8483075233001727
2.957932499900926
2.7314381277014035
3.020080586898257
2.9230829853011526
2.932323889399413
2.8908474452007793
2.973800441797357
2.953722120900056
2.8461990059993694
2.868956673197681
3.1042599796986905
2.882413769699633
3.030006840999704
3.0284140120988012
2.6755081498005895
2.900118488498265
2.873954485100694
2.8117597356002078
2.814271434099646
2.8288153853005498
2.8067446817003656
2.8540636816993357
2.6985659049998505
2.9264177292003297
2.6553878945007456
2.8396742571989306
2.807312284599175
2.7492002203012817
2.782768086201395
2.8965414766978936
2.682946275500581
2.795548216099269
2.8147054266999474
2.7842636605986626
2.7139518695010336
