0.14058696600259282
0.14149022870115005
0.14158871130202896
0.1438530693994835
0.1345628459006548
0.15298750560032204
0.15004058769554832
0.15074803450261243
0.14586552809923886
0.1438672074000351
0.1383552656043321
0.13842080100439488
0.13783533580135554
0.1386088141996879
0.1482023140997626
0.15387299719732256
0.14013825680012815
0.14140088959829883
0.15127809830009936
0.13320884769782423
0.13792143930040765
0.14324764320044778
0.1373790134995943
0.14646607970062178
0.12832786750223021
0.13819819479831494
0.13343032560078427
0.13016969310119747
0.14120672729914077
0.14399147070071194
0.1398835833009798
0.1338728845003061
0.1419478160009021
0.14456001019862014
0.1274397722008871
0.1465180983999744
0.13664319409872405
0.1426590685994597
0.14114942099840846
0.12839418349904008
0.13745581840048543
0.15139139289967715
0.14466863599955104
0.1462290928000584
0.13752560210123194
0.15052238380012567
0.13921680579951498
0.13789390830206685
0.1629234930005623
0.15332617500098422
0.14002350610098802
0.15616179999778979
0.14303220299771055
0.14267748299753294
0.1413368214998627
0.1494538608007133
0.15107343560084702
0.1483021062973421
0.15427780030004215
0.14842245759791695
0.14699473259970547
0.15157138560025488
0.12880156050086952
0.1478669208008796
0.14787030419975053
0.1456900053017307
0.14645844849874265
0.14769971909991
0.15509492959827184
0.14670259139966219
0.15823927489982453
0.1452302329998929
0.1482978896005079
0.1359172280994244
0.1543066179001471
0.1426885327004129
0.14807526069926097
0.1400547330995323
0.14757139319845008
0.14945147880061996
