8.698008382401895
9.514591430104337
9.571946223202394
9.95286597230006
9.47458247129689
9.566605495801195
10.349588558101095
10.346026868198532
9.280935908702668
9.950727137899957
10.17497931609978
9.66304440300446
9.854896144301165
10.19329027859494
9.266384528903291
9.521266885398655
9.662101671198617
9.61771929130191
9.83490955879679
9.72412606870057
9.500119153599371
9.355708373899688
9.475819344300543
8.876978948700707
8.792664952299674
8.84105757669895
8.846738483998342
8.972585789900041
9.053836769500048
9.043190830797538
8.955830913200042
8.966577431399491
9.440013935600291
9.433013265402405
9.134229598901584
9.313973348902072
9.337803453899687
8.822525268301252
8.859013386501465
8.948744055398857
