0.36762847139616495
0.34245747629902323
0.3412379339977633
0.3588932878978085
0.3598486642993521
0.3574865963018965
0.3770817973010708
0.359018657397246
0.3672951722983271
0.353905435197521
0.34920869559864515
0.3692877541994676
0.3699808355013374
0.3590355771011673
0.36206929680192845
0.3385689244023524
0.3410769590991549
0.36348661259980874
0.3581207951006945
0.3431765487999655
0.351539142098045
0.3463299087015912
0.34939260940009265
0.3690797607006971
0.3446792825998273
0.3608637978992192
0.3496839892002754
0.38016941550013145
0.35366319459863005
0.36655457059969193
0.3225188099022489
0.35547250309900846
0.34589338439982387
0.3591974137001671
0.3649850596993929
0.3592870589985978
0.36781071220175365
0.3497348125994904
0.34683411549776794
0.34713206999877
0.35571254990063605
0.35858300399850124
0.373671991401352
0.35774403110262937
0.3561173230991699
0.3794440653990023
0.3709177958982764
0.3791445438982919
0.36238524340151346
0.3592719276988646
0.3633645490015624
0.3574136773997452
0.3446359724999638
0.3672144370008027
0.3755215940007474
0.3763854688004358
0.39602444669872056
0.36521047790010924
0.36543088929902295
0.357297237199964
