31.203080070001306
31.041451571299696
32.56457774399896
33.0001435002021
32.72081900709891
31.531467210897244
34.82365565089858
34.98349395259866
33.12335259450483
34.31493853389984
34.101500744104854
34.02936579979723
34.77592142080539
35.724414024699946
32.49356096790289
33.47458494319581
33.85682202239987
33.75460599189974
34.313635410805
33.68951342329965
32.44106465060031
32.707462130198834
32.55517553359969
34.00113491800148
32.07384975499881
31.88984917079797
33.82893103139941
30.86817185159889
33.21037484749977
32.112930614699145
32.17379254709813
32.71147460690118
32.6914371092018
32.37782851889788
34.05069290099782
32.85568657290132
31.850199679698562
32.681213418598055
33.207900152300134
32.13508885880001
31.808656427401
32.335344798100415
31.17957679920073
32.30635574820044
30.536657149798703
31.249479157000316
32.83176491270133
33.017645534701295
33.14343105290027
31.43162140919885
33.32275175320101
33.00772581389756
31.07197548940021
31.891155282399268
31.63605046349985
32.809057833798576
30.562888744100928
31.065468249699915
30.749989817399182
31.325477173001854
