0.9865258802019525
1.022139970801072
0.9470080718980171
0.9508753716014325
0.9546947581984568
0.9445318785961717
0.9898589581018313
0.9896564905997366
0.9446730964002199
0.9375539579021279
0.948890014301287
0.928749566001352
0.9875973713991698
0.9549309345020447
0.9572488849982619
0.9234053768974263
0.9986988641030621
1.0035283790028189
0.9532594400981906
0.9308250410016626
0.9879516894987319
0.9749309848994017
0.9866815915011102
0.9495114816003479
0.9463819607975893
0.9702808850008295
1.0098765122005715
0.98902962479915
0.924473198200576
0.9365555319003761
0.9387349699012703
0.9273726871993858
0.9590811647998635
0.9645000994991278
0.9619163512019441
0.9775018460000865
0.9304787770000985
0.9908142514992505
0.9104947076004464
0.8949062767002033
0.948816651297966
0.9172545745997922
0.9345386075001443
0.9623540390020935
0.9232254798000212
0.964040499101975
1.0420196060003946
0.949909808798111
0.9259843653009738
0.996300884700031
0.9990882064972538
0.9856714575988008
0.9598926203005249
0.9410266732011223
1.0012292634986806
0.9255229909991612
0.9550120846979553
0.9580957986006979
0.9734415857004933
1.0286107289983193
