0.062080715695628896
0.063737825199496
0.06298271219711751
0.06163853649632074
0.059995359799358994
0.06271030969801358
0.0610512024955824
0.0629562980029732
0.06593681370140984
0.0622509662003722
0.06330351119977422
0.057235281501198186
0.05705523339565843
0.06054974230355583
0.05660516790230759
0.06345200919895433
0.0679918734007515
0.05922906560008414
0.05917707040207461
0.057785985298687594
0.05346702240058221
0.05624580529984087
0.05094562779995613
0.0575797624012921
0.05895667250151746
0.05934133180126082
0.05595247579913121
0.05833588319947012
0.05811497709946707
0.060885145899374035
0.05053628699970432
0.05834870539838448
0.056425130998832174
0.0629883464978775
0.059667447800165974
0.05880577490024734
0.06599055959959514
0.057051139601389876
0.05482528709981125
0.05888122959877364
0.061258300999179484
0.054340627198689616
0.05811051850032527
0.05566922489961144
0.06262663260276895
0.06191748839919455
0.05623182720155455
0.05301323900057468
0.055494837200967595
0.05448107479896862
0.05744402130076196
0.05720577400061302
0.056641634699190035
0.05843964959785808
0.061648353200871496
0.06278258250094951
0.06311912630044389
0.058960184402531014
0.05747081930167042
0.058327341300901024
0.03695703700068407
0.03755226370121818
0.0364253606996499
0.03745674359961413
0.03731844610010739
0.034980023599928245
0.036853288701968266
0.035397347100661135
0.040412845398532224
0.03769188650185242
0.03536527419928461
0.03605055660009384
0.03626412530138623
0.036296610999852416
0.03773123669961933
0.03516857179929502
0.03688966640038416
0.0570372665009927
0.05671770420158282
0.05917033420118969
