550 1075
181 960
181 717
1053 644
1053 543
1053 613
165 165
165 124
165 534
165 30
443 443
443 604
443 531
461 1034
461 106
461 1019
218 1064
218 488
218 605
218 138
218 1062
218 82
218 688
218 314
218 266
218 882
218 994
218 560
218 872
218 227
218 866
218 935
218 246
218 1113
218 75
218 282
218 766
218 228
218 1011
218 956
218 921
218 530
218 878
218 267
218 491
218 498
218 14
218 747
218 98
218 212
218 252
218 83
218 383
218 247
218 587
769 961
146 280
146 114
146 1067
467 581
1064 1064
1064 488
1064 605
1064 138
1064 1062
1064 82
1064 688
1064 314
1064 266
1064 882
1064 994
1064 560
1064 872
1064 227
1064 866
1064 935
1064 246
1064 1113
1064 75
1064 282
1064 766
1064 228
1064 1011
1064 956
1064 921
1064 530
1064 878
1064 267
1064 498
1064 23
1064 14
1064 747
1064 98
1064 212
1064 252
1064 83
1064 383
1064 247
1064 587
509 755
322 930
1035 237
1035 251
558 296
558 231
558 306
808 96
838 852
838 720
838 757
838 841
838 972
838 180
936 486
1086 72
1086 905
1086 230
1086 689
109 658
109 6
884 92
590 1134
590 436
590 586
590 393
518 29
518 1136
887 119
887 804
791 1002
791 171
456 456
56 122
277 910
277 519
277 291
425 666
425 542
425 655
425 1029
1110 339
68 979
459 664
299 802
299 1140
952 374
952 18
952 1025
952 863
952 683
952 233
687 779
687 895
687 651
438 634
438 702
1033 730
1033 1048
948 938
948 919
953 346
983 435
983 999
465 89
465 96
751 1015
963 840
963 585
963 667
565 259
355 355
342 334
342 477
1076 500
488 605
488 497
488 138
488 1062
488 973
488 82
488 515
488 688
488 314
488 266
488 882
488 994
488 856
488 560
488 872
488 551
488 227
488 866
488 935
488 246
488 94
488 362
488 319
488 145
488 1113
488 75
488 282
488 1038
488 766
488 228
488 563
488 1011
488 0
488 956
488 921
488 530
488 908
488 878
488 267
488 927
488 498
488 23
488 428
488 14
488 747
488 98
488 448
488 212
488 728
488 635
488 252
488 83
488 383
488 247
488 587
320 1004
320 251
320 329
605 138
605 1062
605 82
605 688
605 442
605 314
605 266
605 882
605 994
605 560
605 872
605 227
605 866
605 935
605 246
605 1113
605 75
605 282
605 766
605 228
605 1011
605 956
605 921
605 530
605 878
605 267
605 498
605 14
605 747
605 98
605 212
605 252
605 83
605 383
605 247
605 587
753 272
753 812
753 582
753 537
395 57
1130 501
262 571
262 1094
262 19
497 973
497 515
497 992
497 856
497 551
497 94
497 362
497 319
497 145
497 1038
497 563
497 0
497 908
497 927
497 23
497 428
497 747
497 448
497 728
497 635
208 745
553 1076
916 916
1081 487
1081 115
1081 831
602 2
602 704
761 1026
761 364
761 630
761 559
761 679
761 519
761 614
761 291
138 1062
138 82
138 688
138 314
138 266
138 882
138 994
138 560
138 872
138 227
138 866
138 935
138 246
138 1113
138 75
138 282
138 766
138 228
138 1011
138 956
138 921
138 530
138 878
138 267
138 498
138 14
138 747
138 98
138 212
138 252
138 83
138 383
138 247
138 587
867 867
867 1114
867 571
867 1050
1062 82
1062 688
1062 314
1062 266
1062 882
1062 994
1062 560
1062 872
1062 227
1062 866
1062 935
1062 246
1062 1113
1062 75
1062 282
1062 766
1062 228
1062 1011
1062 956
1062 921
1062 530
1062 878
1062 267
1062 498
1062 14
1062 747
1062 98
1062 212
1062 252
1062 83
1062 383
1062 247
1062 587
797 797
45 677
955 847
275 331
275 325
275 857
275 833
915 703
85 662
454 260
514 645
988 988
973 515
973 856
973 551
973 94
973 362
973 319
973 145
973 1133
973 1038
973 563
973 0
973 908
973 927
973 23
973 428
973 747
973 448
973 728
973 635
795 126
795 39
795 141
795 538
100 843
941 92
1021 755
74 74
74 730
71 876
71 942
71 417
375 375
1027 59
967 967
967 318
967 407
967 1099
648 647
147 616
765 102
640 640
640 788
640 229
934 164
934 445
934 635
837 771
638 711
157 871
579 513
47 47
47 597
47 315
47 232
580 1006
591 1137
348 980
17 17
17 821
17 279
121 399
234 234
1088 105
1088 760
989 373
989 997
989 510
566 566
566 341
238 971
835 836
27 1139
27 67
570 944
24 24
24 318
24 407
89 89
89 96
89 150
89 1056
1097 92
1097 452
1097 235
1026 92
1026 842
206 52
206 25
206 240
545 680
545 347
545 696
864 137
864 350
716 316
716 556
716 308
248 898
160 160
166 449
917 863
917 179
626 932
626 1008
626 612
782 1090
782 744
31 412
255 554
909 341
909 360
686 686
686 572
82 688
82 314
82 266
82 882
82 994
82 560
82 872
82 807
82 227
82 866
82 935
82 246
82 1113
82 75
82 282
82 766
82 228
82 1011
82 956
82 921
82 530
82 878
82 267
82 498
82 14
82 747
82 404
82 98
82 212
82 252
82 83
82 383
82 247
82 587
351 103
351 732
794 86
794 624
794 155
794 356
794 675
794 333
794 472
794 750
794 294
794 678
505 505
429 581
900 581
900 647
900 799
900 350
1031 116
378 736
1040 604
1040 178
418 792
4 4
4 630
316 556
316 308
523 523
523 748
523 595
523 1117
372 330
86 624
86 155
86 356
86 675
86 333
86 472
86 750
86 294
86 678
862 949
862 848
862 389
271 337
271 830
528 183
528 468
528 107
528 619
528 1071
850 1090
850 323
918 911
1073 891
335 1016
335 924
622 622
622 672
622 519
622 291
244 888
666 542
666 655
666 1029
666 594
515 856
515 551
515 94
515 362
515 319
515 145
515 1038
515 563
515 0
515 908
515 927
515 23
515 428
515 747
515 448
515 728
515 635
693 647
693 742
1022 58
700 700
400 639
384 1135
371 371
690 220
297 429
297 581
297 111
992 98
353 353
353 746
353 253
353 971
353 873
353 431
353 806
154 524
92 490
92 885
92 960
92 636
92 162
92 189
92 991
92 599
92 627
92 975
92 471
92 759
92 964
92 1058
92 796
92 332
92 787
92 474
92 394
92 637
92 290
92 526
92 235
92 1105
92 156
922 1016
922 647
922 1074
327 540
327 694
610 66
610 995
610 656
610 883
610 288
610 508
610 1083
996 1095
128 945
311 311
726 726
726 758
726 317
726 755
726 780
726 176
726 261
726 891
726 150
726 986
726 845
726 195
726 152
726 646
726 13
726 131
726 574
726 628
730 730
688 314
688 266
688 882
688 994
688 560
688 872
688 227
688 866
688 935
688 246
688 1113
688 75
688 282
688 766
688 228
688 1011
688 956
688 921
688 530
688 475
688 878
688 267
688 498
688 14
688 747
688 98
688 212
688 252
688 83
688 383
688 247
688 587
1016 979
1016 10
1016 398
1016 721
746 10
746 630
746 738
746 423
746 340
746 793
746 968
746 535
746 519
746 639
746 806
746 445
746 695
746 291
28 829
28 118
435 999
737 57
486 486
52 25
52 240
858 598
858 420
819 464
819 125
819 250
681 52
681 211
681 969
442 935
270 1072
270 214
270 1019
169 1118
410 410
778 310
72 905
72 571
72 230
72 689
1000 480
1000 810
578 578
913 133
913 426
913 1100
913 1012
1069 920
1069 16
1069 187
1069 844
974 974
439 1076
439 155
439 664
439 112
221 221
542 655
542 1029
644 1116
644 613
1002 171
979 257
979 358
1017 598
1017 148
1017 305
1017 242
1017 377
1017 589
1017 420
1017 544
1017 381
1129 153
134 134
284 46
386 1079
670 800
670 1109
670 1108
108 623
108 194
108 539
108 54
1104 1104
1104 1138
885 156
10 630
10 738
10 423
10 340
10 1090
10 968
10 535
10 817
10 519
10 639
10 445
10 91
10 695
10 291
609 422
609 96
609 853
142 931
49 49
207 722
207 1048
207 321
905 230
905 689
1015 79
1043 1043
48 1116
48 669
76 1122
76 685
836 511
875 1045
875 925
209 926
624 155
624 356
624 675
624 333
624 472
624 750
624 294
624 678
1034 1019
692 193
692 60
692 179
932 1008
932 612
783 414
473 639
1122 685
373 997
373 510
604 519
604 291
87 83
69 69
69 20
485 261
485 274
485 600
301 168
301 519
301 291
767 133
767 874
1018 519
1018 460
1018 291
198 851
198 481
198 273
198 718
567 567
598 598
598 148
598 305
598 242
598 377
598 589
598 420
598 544
598 381
902 902
902 369
902 595
902 940
902 462
902 445
902 290
876 942
876 417
1120 409
1063 962
1063 204
314 266
314 882
314 994
314 560
314 872
314 227
314 866
314 935
314 246
314 1113
314 75
314 282
314 766
314 228
314 1011
314 956
314 921
314 530
314 878
314 267
314 498
314 14
314 747
314 98
314 212
314 252
314 83
314 383
314 247
314 587
155 356
155 675
155 333
155 472
155 21
155 750
155 294
155 678
216 374
216 18
664 664
664 35
664 253
664 1116
664 722
664 392
664 161
664 223
664 29
664 446
422 96
422 191
422 294
422 929
422 279
84 805
356 675
356 333
356 472
356 750
356 914
356 294
356 678
272 812
272 582
272 537
463 225
463 943
463 520
463 336
547 910
222 891
149 620
149 519
266 882
266 994
266 560
266 872
266 227
266 866
266 935
266 246
266 1113
266 75
266 282
266 766
266 228
266 1011
266 956
266 921
266 530
266 878
266 267
266 498
266 14
266 747
266 404
266 445
266 98
266 212
266 252
266 83
266 383
266 247
266 587
516 723
516 106
892 519
892 291
1072 214
1072 1019
96 150
96 1056
882 994
882 560
882 872
882 227
882 866
882 935
882 246
882 1113
882 75
882 282
882 766
882 228
882 1011
882 956
882 921
882 530
882 878
882 267
882 498
882 14
882 747
882 98
882 212
882 252
882 83
882 383
882 247
882 587
729 295
93 777
699 352
699 813
699 309
532 786
532 387
532 855
415 1023
239 1070
239 318
1013 958
1013 701
912 639
536 891
174 1036
66 995
66 656
66 883
66 288
66 508
66 1083
483 344
994 560
994 872
994 227
994 866
994 935
994 246
994 1113
994 75
994 282
994 766
994 228
994 1011
994 956
994 921
994 530
994 440
994 878
994 267
994 498
994 14
994 747
994 98
994 212
994 252
994 83
994 383
994 247
994 587
540 694
191 191
191 215
191 1048
368 196
349 197
416 576
172 886
893 891
331 325
331 857
331 833
1047 1047
856 927
265 265
281 946
167 733
906 204
906 958
906 814
923 468
60 466
735 129
168 434
168 1128
658 6
1114 1114
1114 571
1114 1116
1114 643
1114 398
1114 256
829 118
219 654
90 1076
90 815
50 427
920 16
920 187
920 844
731 451
143 9
363 363
312 571
312 647
560 872
560 227
560 866
560 935
560 246
560 1113
560 75
560 282
560 766
560 228
560 1011
560 956
560 921
560 530
560 878
560 267
560 498
560 14
560 747
560 98
560 200
560 212
560 252
560 83
560 383
560 247
560 587
205 202
205 1109
205 406
872 227
872 866
872 935
872 246
872 1113
872 75
872 282
872 766
872 228
872 1011
872 956
872 921
872 530
872 878
872 267
872 498
872 14
872 747
872 98
872 212
872 252
872 83
872 383
872 247
872 587
402 402
298 298
800 1109
800 1108
452 235
977 269
162 884
162 636
354 611
487 571
487 115
487 895
487 831
933 506
674 621
300 1055
300 519
300 291
543 543
529 798
529 185
786 387
786 855
227 866
227 935
227 246
227 1113
227 75
227 282
227 766
227 228
227 1011
227 956
227 921
227 530
227 878
227 267
227 498
227 14
227 747
227 98
227 212
227 252
227 83
227 383
227 247
227 587
126 39
126 141
126 538
564 564
564 324
592 897
202 1109
202 406
189 1105
213 520
213 336
741 976
949 848
949 389
190 217
190 276
821 896
821 241
821 1080
959 854
959 519
959 291
897 709
897 396
897 450
897 106
897 376
897 715
601 601
601 1071
3 328
379 379
709 106
104 376
976 976
976 445
976 212
1039 1039
790 804
105 315
105 760
630 630
630 738
630 423
630 340
630 1090
630 968
630 535
630 739
630 519
630 639
630 445
630 474
630 695
630 291
278 772
811 1089
811 1090
414 880
924 924
924 286
924 573
924 682
293 293
293 568
493 493
641 792
641 130
854 585
784 755
784 30
61 749
675 333
675 472
675 750
675 294
675 678
113 987
957 957
1109 1108
1109 406
852 720
852 757
852 841
852 972
852 180
812 582
812 537
758 317
758 755
758 780
758 176
758 261
758 891
758 150
758 986
758 845
758 195
758 152
758 646
758 13
758 131
758 476
758 574
758 628
325 857
325 833
345 25
345 1098
583 793
608 399
603 577
603 803
603 840
603 478
603 667
603 705
866 935
866 246
866 1113
866 75
866 282
866 766
866 228
866 1011
866 956
866 921
866 530
866 878
866 267
866 498
866 14
866 747
866 98
866 212
866 252
866 83
866 383
866 247
866 587
531 519
531 669
531 291
935 246
935 1113
935 75
935 282
935 766
935 228
935 1011
935 956
935 921
935 530
935 440
935 878
935 267
935 498
935 14
935 747
935 98
935 212
935 252
935 83
935 383
935 247
935 587
738 606
738 423
738 340
738 968
738 535
738 519
738 639
738 445
738 695
738 291
607 660
464 125
464 250
502 502
798 185
148 305
148 242
148 377
148 589
148 420
148 544
148 381
204 958
333 472
333 21
333 1116
333 750
333 914
333 294
333 678
1089 1
133 313
133 874
554 430
571 571
571 721
571 815
571 449
571 177
785 646
246 1113
246 75
246 282
246 766
246 228
246 1011
246 956
246 921
246 530
246 878
246 267
246 498
246 14
246 747
246 98
246 212
246 252
246 83
246 383
246 247
246 587
577 803
577 840
577 479
577 478
577 667
577 705
390 294
170 899
170 175
606 423
606 340
606 968
606 535
606 519
606 639
606 445
606 291
122 650
122 291
1070 318
1070 1099
1070 1065
825 825
825 1050
881 984
374 1041
369 369
369 595
369 940
369 445
123 792
34 455
1014 503
982 1141
317 780
317 176
317 261
317 891
317 150
317 370
317 986
317 845
317 195
317 152
317 646
317 13
317 151
317 131
317 574
317 628
562 249
562 787
562 394
20 20
993 925
711 492
55 97
55 431
55 256
55 886
970 859
36 36
35 533
755 755
755 261
755 1131
755 986
755 152
755 706
755 574
727 1085
727 1127
632 632
632 595
632 940
632 1119
1001 463
1001 879
1001 869
991 759
482 1051
899 175
78 698
469 958
984 984
984 441
984 1037
752 294
472 750
472 294
472 678
472 107
302 947
423 340
423 968
423 535
423 519
423 639
423 445
423 695
423 291
907 673
907 701
617 617
617 412
211 1024
211 969
211 823
357 357
1125 1106
803 803
803 840
803 478
803 667
803 705
136 922
136 719
136 595
136 647
136 990
136 1074
365 865
480 810
352 813
352 309
995 656
995 883
995 288
995 508
995 1083
65 65
21 294
224 385
224 839
224 343
7 7
966 245
851 481
851 273
851 718
676 519
340 968
340 535
340 519
340 639
340 445
340 695
340 291
593 519
593 291
593 182
513 296
495 743
541 818
942 417
725 1121
801 826
453 781
453 561
468 243
334 477
581 1132
581 111
671 144
901 901
901 318
901 407
901 1099
901 1065
780 176
780 261
780 891
780 150
780 986
780 845
780 195
780 152
780 646
780 13
780 131
780 574
780 628
37 37
998 889
2 704
1084 63
319 697
319 448
879 463
879 869
860 663
599 842
712 904
712 201
712 489
1003 1003
903 903
904 201
904 489
627 627
627 46
203 928
203 1115
203 804
203 1020
997 510
1090 427
145 856
1077 341
268 1037
254 546
254 434
254 29
254 112
254 287
171 388
713 713
713 337
713 830
253 253
253 392
971 358
971 1112
971 816
971 806
1133 448
1116 1116
1116 1048
1116 669
42 884
42 636
42 964
792 870
792 1052
792 130
792 846
1113 75
1113 282
1113 766
1113 228
1113 1011
1113 956
1113 921
1113 530
1113 878
1113 267
1113 498
1113 14
1113 747
1113 98
1113 212
1113 252
1113 83
1113 383
1113 247
1113 587
1111 570
159 527
75 282
75 766
75 228
75 1011
75 956
75 921
75 530
75 878
75 267
75 498
75 14
75 747
75 98
75 212
75 252
75 83
75 383
75 247
75 587
1049 528
1049 29
1132 789
1134 436
1134 586
1134 393
39 141
39 538
447 519
447 1103
447 291
282 766
282 228
282 1011
282 956
282 921
282 530
282 878
282 267
282 498
282 14
282 747
282 98
282 212
282 252
282 83
282 383
282 247
282 587
176 261
176 891
176 150
176 986
176 845
176 195
176 152
176 646
176 13
176 131
176 574
176 628
1094 19
734 734
15 645
391 391
521 937
1008 612
97 97
97 584
97 1032
97 318
97 1099
97 1065
97 694
97 950
494 519
494 291
296 175
296 32
555 827
201 489
261 261
261 891
261 1131
261 150
261 370
261 986
261 845
261 195
261 274
261 152
261 646
261 13
261 151
261 131
261 600
261 574
261 628
840 479
840 478
840 667
840 705
243 183
243 200
481 273
481 718
419 530
338 338
338 763
436 586
436 393
441 1037
873 431
397 397
341 341
358 358
358 1112
358 806
358 951
184 184
184 1126
184 665
595 595
595 940
595 445
595 290
656 883
656 288
656 508
656 1083
766 228
766 1011
766 956
766 921
766 530
766 878
766 267
766 498
766 14
766 747
766 98
766 212
766 252
766 83
766 383
766 247
766 587
437 437
324 324
324 458
672 763
672 210
750 294
750 678
770 188
139 754
1024 823
968 535
968 519
968 458
968 639
968 445
968 695
968 291
597 597
597 315
896 241
896 279
896 1080
928 119
928 890
928 804
928 1020
382 382
382 1071
424 424
535 519
535 639
535 445
535 695
535 291
405 64
225 943
225 657
1028 647
1030 1030
582 537
1092 815
634 702
228 1011
228 956
228 921
228 530
228 878
228 267
228 498
228 14
228 747
228 98
228 212
228 252
228 83
228 383
228 247
228 587
43 43
43 806
722 1048
722 321
360 18
360 771
1087 861
380 1076
124 534
25 184
25 240
25 774
891 891
891 1093
891 150
891 986
891 845
891 192
891 195
891 152
891 646
891 199
891 775
891 13
891 62
891 131
891 95
891 574
891 628
527 367
70 1140
135 514
51 11
779 895
779 651
533 1107
18 1041
16 187
16 844
584 239
1112 816
1112 806
739 739
739 474
186 186
534 534
659 939
659 1078
659 236
73 318
73 1065
1085 1127
286 573
868 519
611 585
684 684
684 229
707 707
33 33
470 470
517 517
305 242
305 377
305 589
305 420
305 544
305 381
103 732
1011 956
1011 921
1011 530
1011 878
1011 267
1011 498
1011 14
1011 747
1011 98
1011 212
1011 252
1011 83
1011 383
1011 247
1011 587
457 457
214 214
214 1019
1036 53
444 569
781 561
939 1078
939 236
958 814
958 701
1054 1054
588 588
478 667
478 705
834 704
385 839
385 343
22 1123
914 107
647 398
647 721
647 880
647 427
647 140
647 41
647 1074
756 756
965 1005
848 389
1098 1082
413 413
1032 950
187 844
0 319
0 927
318 318
318 1099
318 1065
824 894
111 429
111 653
1061 401
1131 1131
1131 258
788 684
492 461
762 776
978 978
740 740
1142 1142
38 102
38 504
263 484
263 615
431 256
431 210
431 886
46 46
46 474
46 290
229 229
691 26
450 715
839 343
1139 67
150 77
150 74
150 986
150 845
150 195
150 152
150 646
150 13
150 258
150 131
150 367
150 574
150 628
150 1056
1066 432
294 294
294 985
294 678
294 304
294 200
568 568
938 919
283 283
956 921
956 530
956 878
956 267
956 498
956 14
956 747
956 98
956 212
956 252
956 83
956 383
956 247
956 587
119 804
623 194
623 539
623 54
1004 289
1004 329
303 303
940 940
940 421
370 370
370 151
642 849
618 552
1048 1048
1048 115
1048 321
1048 173
985 914
985 392
985 107
194 539
194 54
407 1070
407 318
407 407
407 1099
883 288
883 508
883 1083
226 575
720 757
720 841
720 972
720 180
127 843
763 210
763 26
680 347
680 696
986 845
986 195
986 152
986 646
986 13
986 131
986 574
986 628
585 669
714 714
115 831
115 937
115 651
822 822
667 705
556 308
556 412
759 884
759 636
759 964
88 88
88 820
943 657
650 519
845 195
845 152
845 646
845 13
845 131
845 574
845 628
548 631
548 710
80 80
125 250
230 689
217 276
539 54
668 1102
1099 1099
1099 1065
757 841
757 972
757 180
880 880
880 799
392 107
921 530
921 878
921 267
921 498
921 14
921 747
921 98
921 212
921 252
921 83
921 383
921 247
921 587
1065 1065
530 878
530 267
530 498
530 14
530 747
530 98
530 212
530 252
530 83
530 383
530 247
530 587
44 44
1025 1025
773 773
964 1058
546 29
546 112
546 287
5 5
40 40
655 1029
863 863
813 309
877 240
586 393
625 158
878 267
878 498
878 14
878 747
878 98
878 212
878 252
878 83
878 383
878 247
878 587
140 323
796 884
796 636
796 964
519 99
519 639
519 388
519 661
519 557
519 445
519 736
519 695
519 291
361 361
141 538
359 639
32 969
32 823
32 1060
267 498
267 14
267 747
267 98
267 212
267 252
267 83
267 383
267 247
267 587
195 152
195 646
195 13
195 131
195 574
195 628
841 972
841 180
702 702
828 954
927 49
927 319
315 315
315 715
1010 633
387 855
1101 1101
163 12
107 107
307 120
321 333
458 458
1007 1099
491 935
491 894
491 83
498 14
498 747
498 98
498 212
498 252
498 83
498 383
498 247
498 587
433 403
814 701
639 925
639 445
639 695
639 291
652 652
164 596
809 708
669 388
152 152
152 646
152 13
152 131
152 574
152 628
806 253
806 806
434 120
210 26
106 106
114 280
288 508
288 1083
944 135
1124 1124
1124 285
1124 1057
1067 280
1067 114
1046 120
646 13
646 131
646 574
646 628
292 107
292 292
388 291
661 291
661 120
242 377
242 589
242 420
242 544
242 381
768 512
241 279
241 1080
285 1057
251 926
894 894
137 350
895 651
694 1099
264 1099
411 549
377 589
377 420
377 544
377 381
58 67
240 240
304 304
589 420
589 544
589 381
231 306
520 336
14 14
14 747
14 98
14 212
14 252
14 83
14 383
14 247
14 587
683 1041
972 180
420 544
420 381
981 496
981 724
199 1068
937 937
747 98
747 212
747 252
747 83
747 383
747 247
747 587
572 572
223 223
117 901
117 407
117 1099
117 117
1115 1020
557 291
13 131
13 574
13 628
969 823
764 1096
404 98
404 587
629 629
1042 1071
1138 1138
110 110
810 810
445 445
445 596
445 695
445 291
445 587
1044 1044
1044 98
151 151
508 1083
804 1020
1071 1071
1071 258
832 1101
832 832
408 884
408 636
408 964
62 366
1091 1091
273 718
98 212
98 252
98 83
98 383
98 247
98 587
200 525
200 258
736 291
549 549
258 258
29 112
29 1136
1009 326
279 1080
446 446
212 252
212 83
212 383
212 247
212 587
695 291
637 162
290 290
290 507
774 1111
990 922
990 647
990 1074
131 574
131 628
112 287
81 81
367 367
544 381
1074 595
1074 1074
1136 1136
30 30
631 631
347 696
635 49
635 319
635 1133
635 448
252 83
252 383
252 247
252 587
83 383
83 247
83 587
383 247
383 587
1095 1095
499 499
574 628
496 724
247 1059
247 587
857 833
132 132
101 633
1056 808
1056 1056
1078 236
8 8
665 665
522 522
329 289
329 329
649 649
