0	0
562	584
562	562
562	534
562	329
562	206
562	845
562	677
22	22
22	22
22	48
22	424
687	507
687	643
687	253
687	181
730	730
730	168
730	646
48	48
499	499
711	153
711	426
711	436
426	232
600	600
600	758
68	350
68	301
119	619
119	619
119	619
119	119
119	119
119	119
119	751
119	460
119	144
119	41
119	519
201	528
201	247
201	447
201	555
201	405
201	350
201	68
201	385
201	72
201	62
201	287
201	695
201	446
201	398
201	868
201	251
201	516
201	469
201	372
201	588
201	576
201	409
201	408
201	112
201	552
201	262
201	55
201	328
201	554
201	284
201	253
201	654
201	78
201	762
201	806
201	107
201	708
201	561
201	301
201	31
201	664
201	346
201	428
201	769
201	862
201	710
201	255
201	509
201	558
201	559
201	812
201	649
201	357
201	798
201	722
201	423
201	51
201	582
201	830
201	185
201	627
201	71
201	692
201	318
201	621
440	853
440	440
440	663
440	583
440	714
440	212
440	531
440	567
440	275
440	536
16	715
16	675
16	449
16	527
16	631
16	152
16	726
16	16
16	309
16	111
16	450
16	483
16	181
16	462
16	87
791	791
482	478
482	729
482	127
482	811
560	290
560	560
27	396
832	822
832	832
832	603
234	79
234	622
234	575
234	57
234	147
234	676
234	793
234	63
72	72
72	62
432	364
432	94
840	781
629	807
629	870
7	514
505	287
505	505
177	695
177	490
532	778
532	877
537	537
537	480
537	617
537	273
856	856
875	875
386	594
320	822
320	777
320	389
320	832
320	799
320	159
320	732
320	320
320	285
320	79
320	302
320	556
320	810
320	20
320	47
320	733
320	605
320	534
320	329
320	217
320	195
320	606
320	418
320	286
320	434
320	869
320	801
320	64
320	314
320	218
320	603
320	19
320	793
320	260
320	471
320	392
320	700
320	403
320	652
320	802
320	349
183	528
183	447
183	555
183	165
183	735
183	72
183	62
183	872
183	79
183	398
183	251
183	635
183	297
183	470
183	694
183	465
183	215
183	839
183	334
183	230
183	481
183	664
183	461
183	534
183	329
183	343
183	335
183	590
183	477
183	626
183	205
183	353
183	388
183	731
183	109
183	763
183	763
183	235
183	825
183	271
183	689
183	330
713	380
713	508
872	701
872	199
872	528
872	447
872	555
872	83
872	501
872	176
872	405
872	441
872	475
872	607
872	619
872	119
872	751
872	460
872	144
872	144
872	152
872	478
872	863
872	67
872	213
872	594
872	514
872	177
872	695
872	148
872	422
872	422
872	422
872	875
872	608
872	73
872	446
872	386
872	266
872	872
872	872
872	79
872	305
872	65
872	379
872	157
872	179
872	302
872	251
872	86
872	70
872	70
872	516
872	469
872	187
872	686
872	686
872	588
872	125
872	466
872	524
872	297
872	49
872	723
872	409
872	112
872	262
872	479
872	529
872	28
872	506
872	800
872	800
872	269
872	490
872	328
872	184
872	319
872	554
872	585
872	643
872	284
872	253
872	706
872	706
872	180
872	400
872	465
872	654
872	511
872	539
872	714
872	215
872	644
872	809
872	809
872	762
872	806
872	427
872	11
872	356
872	107
872	181
872	547
872	149
872	352
872	708
872	683
872	155
872	274
872	374
872	727
872	486
872	717
872	859
872	74
872	58
872	323
872	151
872	826
872	646
872	311
872	399
872	399
872	190
872	790
872	761
872	764
872	380
872	861
872	861
872	4
872	292
872	702
872	873
872	156
872	156
872	461
872	534
872	329
872	749
872	310
872	769
872	515
872	133
872	746
872	87
872	267
872	300
872	662
872	662
872	864
872	343
872	335
872	615
872	113
872	113
872	113
872	281
872	249
872	291
872	474
872	782
872	765
872	590
872	255
872	238
872	536
872	358
872	118
872	606
872	18
872	18
872	558
872	293
872	100
872	124
872	401
872	477
872	477
872	205
872	742
872	406
872	418
872	418
872	540
872	33
872	33
872	109
872	127
872	666
872	812
872	763
872	763
872	813
872	357
872	476
872	173
872	102
872	17
872	860
872	798
872	327
872	803
872	869
872	869
872	869
872	84
872	64
872	38
872	593
872	785
872	772
872	51
872	538
872	850
872	510
872	66
872	775
872	92
872	130
872	185
872	416
872	794
872	207
872	835
872	193
872	193
872	227
872	577
872	134
872	197
872	425
872	138
872	453
872	248
872	792
872	41
872	692
872	760
872	497
872	811
872	236
872	586
872	640
872	517
872	317
872	45
872	45
872	604
872	523
872	414
872	351
872	564
872	382
872	637
79	285
79	79
79	473
79	467
79	14
79	42
79	854
79	557
79	263
79	341
368	374
368	161
381	417
381	849
381	571
468	261
468	468
468	251
468	93
158	158
158	820
858	532
858	858
858	500
858	208
858	448
858	294
858	810
858	463
858	778
858	877
858	264
858	318
858	35
858	668
858	324
86	422
86	86
86	686
86	113
86	358
86	418
86	869
86	207
86	193
86	236
187	516
187	469
187	588
187	60
289	686
289	113
289	207
139	771
139	139
876	743
876	484
583	405
583	583
583	583
583	155
583	536
583	536
583	88
583	869
583	518
588	68
588	446
588	588
588	723
588	769
819	819
819	125
833	466
383	584
276	195
276	606
360	822
360	242
360	360
360	284
360	526
360	252
360	530
360	393
49	49
49	723
49	790
49	425
49	138
49	453
49	248
641	573
641	282
546	256
546	415
546	754
546	573
546	282
546	736
546	576
546	409
546	408
546	112
546	552
546	262
546	233
546	546
546	34
546	837
546	312
529	479
529	823
472	342
472	472
472	503
472	481
472	58
800	39
800	555
800	83
800	165
800	303
800	441
800	607
800	363
800	105
800	874
800	846
800	355
800	213
800	483
800	268
800	872
800	368
800	622
800	251
800	469
800	686
800	214
800	226
800	576
800	800
800	369
800	328
800	643
800	253
800	617
800	617
800	215
800	809
800	498
800	762
800	356
800	865
800	420
800	708
800	155
800	374
800	140
800	727
800	161
800	859
800	74
800	301
800	716
800	741
800	96
800	410
800	712
800	380
800	534
800	329
800	749
800	390
800	87
800	169
800	335
800	474
800	373
800	2
800	710
800	710
800	590
800	536
800	326
800	509
800	719
800	293
800	697
800	59
800	91
800	628
800	33
800	812
800	812
800	313
800	150
800	803
800	116
800	737
800	50
800	597
800	189
800	618
800	808
800	402
800	250
800	103
800	103
800	224
800	542
800	36
800	36
800	416
800	485
800	229
800	724
800	692
800	370
467	285
467	79
467	643
467	284
467	345
467	459
467	293
467	773
55	247
55	447
55	397
55	165
55	501
55	405
55	607
55	201
55	201
55	863
55	770
55	443
55	505
55	177
55	695
55	679
55	446
55	398
55	398
55	868
55	251
55	469
55	372
55	187
55	214
55	588
55	667
55	242
55	342
55	295
55	295
55	367
55	786
55	472
55	490
55	55
55	665
55	328
55	60
55	554
55	435
55	253
55	617
55	539
55	714
55	767
55	762
55	356
55	181
55	419
55	708
55	708
55	230
55	561
55	727
55	634
55	58
55	346
55	279
55	844
55	275
55	571
55	862
55	563
55	373
55	2
55	413
55	710
55	337
55	590
55	377
55	243
55	326
55	509
55	558
55	558
55	572
55	592
55	205
55	783
55	421
55	170
55	167
55	649
55	493
55	803
55	722
55	659
55	51
55	845
55	677
55	778
55	670
55	92
55	830
55	627
55	671
55	138
55	240
55	318
55	203
55	210
55	378
55	77
55	748
55	691
55	9
55	194
55	866
55	587
55	330
319	184
319	319
585	770
585	73
585	160
585	251
585	469
585	524
585	85
585	391
585	28
585	599
585	367
585	506
585	595
585	655
585	786
585	709
585	454
585	304
585	269
585	55
585	366
585	554
585	585
585	617
585	714
585	767
585	181
585	419
585	685
585	708
585	672
585	634
585	716
585	279
585	275
585	795
585	680
585	121
585	219
585	563
585	710
585	255
585	101
585	824
585	606
585	559
585	551
585	598
585	669
585	114
585	51
585	845
585	677
585	682
585	579
585	579
585	620
585	852
585	544
585	339
585	541
585	330
284	799
284	251
284	384
284	643
284	284
284	435
284	253
284	181
284	419
284	345
284	842
284	299
284	451
284	340
435	643
435	284
435	435
435	253
435	253
435	259
435	345
435	108
253	648
253	54
253	287
253	192
253	643
253	284
253	435
253	435
253	253
253	259
253	767
253	818
253	345
253	842
253	161
253	255
253	108
253	661
10	706
10	706
10	180
10	10
10	400
400	706
400	706
400	180
400	10
400	400
430	654
569	569
569	674
569	539
569	539
215	215
215	78
11	762
11	806
11	427
11	356
198	154
198	64
228	635
228	149
228	352
228	323
228	151
228	604
274	274
776	246
776	776
766	181
98	112
98	98
98	749
161	397
161	21
161	507
161	687
161	68
161	681
161	213
161	629
161	287
161	505
161	177
161	695
161	148
161	191
161	630
161	79
161	305
161	368
161	65
161	398
161	294
161	556
161	226
161	360
161	786
161	774
161	57
161	166
161	384
161	467
161	366
161	284
161	435
161	253
161	706
161	617
161	699
161	672
161	274
161	288
161	345
161	842
161	766
161	727
161	161
161	429
161	399
161	375
161	299
161	749
161	270
161	206
161	834
161	590
161	536
161	243
161	307
161	354
161	340
161	231
161	737
161	50
161	597
161	618
161	808
161	108
161	103
161	43
161	747
161	526
161	252
161	487
161	609
411	261
411	468
411	251
411	93
740	706
740	206
740	196
740	52
740	553
58	58
703	398
703	208
703	28
703	257
703	789
34	528
34	34
151	149
151	323
151	151
76	528
76	83
76	507
76	543
76	396
76	355
76	483
76	488
76	79
76	704
76	208
76	220
76	214
76	667
76	226
76	472
76	774
76	57
76	800
76	467
76	55
76	328
76	145
76	511
76	78
76	154
76	498
76	356
76	107
76	181
76	561
76	98
76	717
76	503
76	225
76	718
76	718
76	206
76	196
76	373
76	2
76	710
76	590
76	590
76	238
76	377
76	377
76	326
76	326
76	509
76	195
76	606
76	606
76	18
76	719
76	293
76	124
76	401
76	354
76	128
76	265
76	170
76	869
76	64
76	491
76	51
76	538
76	778
76	778
76	682
76	92
76	553
76	627
76	197
76	636
76	837
76	431
76	750
76	77
76	523
76	414
321	296
321	321
878	122
878	301
878	878
878	824
878	298
878	682
878	816
878	604
211	635
142	827
311	399
375	213
375	505
375	148
375	332
375	81
375	375
375	375
375	609
146	678
146	438
146	5
146	3
146	222
146	489
146	209
146	829
146	129
146	146
146	657
146	283
146	745
146	512
146	164
146	707
146	744
146	38
146	582
146	56
146	395
146	8
146	513
146	71
146	347
146	175
146	565
146	836
146	843
146	82
146	787
428	428
428	428
204	166
204	375
204	204
299	165
299	48
299	136
299	721
299	853
299	442
299	287
299	70
299	774
299	166
299	539
299	181
299	345
299	429
299	429
299	718
299	591
299	788
299	437
299	502
299	299
299	567
299	504
299	702
299	206
299	195
299	559
299	307
299	307
299	293
299	116
299	737
299	50
299	597
299	189
299	618
299	808
299	522
299	593
299	593
299	785
299	103
299	43
299	77
299	172
764	761
764	764
624	212
624	624
861	861
861	873
702	380
702	4
702	844
702	292
702	457
534	447
534	584
534	280
534	405
534	796
534	759
534	554
534	230
534	345
534	616
534	534
534	329
534	206
534	693
534	12
534	15
534	126
534	451
534	147
534	828
534	780
534	108
534	51
534	13
534	792
534	548
534	258
534	330
329	534
329	329
445	533
445	333
445	384
445	467
749	749
650	521
650	747
133	515
133	515
133	515
133	133
133	133
680	696
680	831
680	805
680	257
680	322
680	117
680	178
680	746
680	789
680	325
325	25
325	25
325	634
325	117
325	795
325	325
300	267
662	702
662	461
662	662
662	812
662	763
459	505
459	79
459	814
459	720
734	241
734	734
188	226
188	121
188	219
188	821
53	686
53	214
53	503
53	571
53	864
53	413
53	559
581	584
581	581
581	238
656	79
656	65
656	656
656	255
566	566
376	615
376	376
563	560
563	23
563	529
563	714
563	181
563	563
563	358
563	593
563	535
433	361
433	439
433	742
249	875
249	608
249	713
249	222
249	57
249	180
249	768
249	768
249	461
249	249
249	291
249	782
249	763
249	519
249	252
738	57
738	474
738	782
738	752
413	39
413	165
413	863
413	177
413	446
413	868
413	469
413	187
413	214
413	588
413	342
413	295
413	328
413	60
413	230
413	301
413	31
413	862
413	373
413	2
413	337
413	590
413	377
413	326
413	326
413	326
413	509
413	558
413	200
413	627
413	252
413	378
413	370
413	691
413	866
755	342
755	295
755	230
755	301
755	590
755	377
755	326
755	252
755	378
755	370
755	866
673	673
834	834
834	307
834	37
337	337
120	120
120	756
32	32
32	377
784	536
784	243
784	824
80	159
80	838
80	422
80	444
80	819
80	479
80	529
80	472
80	467
80	344
80	230
80	634
80	503
80	299
80	855
80	106
80	710
80	32
80	326
80	574
80	638
80	254
80	538
80	682
80	653
80	404
80	89
80	237
80	29
80	370
80	748
80	866
611	450
611	532
611	162
611	809
611	809
611	498
611	498
611	767
611	563
611	684
611	316
611	64
611	423
611	132
611	804
18	355
18	629
18	79
18	40
18	137
18	262
18	206
18	238
18	195
18	606
18	606
18	606
18	815
18	452
18	37
100	696
100	679
100	226
100	871
100	304
100	585
100	547
100	612
100	244
100	230
100	223
100	610
100	279
100	121
100	100
100	623
100	365
100	682
100	867
100	453
100	548
688	124
688	688
688	401
626	626
205	251
205	28
205	78
205	708
205	182
205	566
205	710
205	205
205	793
202	483
202	202
277	278
277	549
277	171
24	272
24	440
24	681
24	183
24	261
24	468
24	635
24	529
24	435
24	253
24	69
24	606
24	545
24	458
24	24
24	725
24	306
24	163
24	127
24	666
24	170
24	336
24	508
24	227
24	227
24	89
24	690
24	93
24	578
24	492
24	642
110	584
110	449
110	851
110	858
110	220
110	651
110	262
110	284
110	435
110	345
110	842
110	182
110	346
110	292
110	257
110	596
110	639
110	494
110	61
110	362
110	110
110	110
110	660
110	90
110	423
110	797
110	797
110	13
110	99
110	705
110	526
110	252
110	63
127	109
127	127
757	128
757	757
757	265
551	483
551	23
551	496
551	539
551	456
551	25
551	155
551	239
551	570
551	451
551	131
551	645
551	660
551	123
551	167
551	551
551	598
551	313
551	698
147	147
147	813
357	649
357	357
676	529
676	529
676	676
173	338
173	660
173	173
331	681
331	407
331	79
331	56
331	387
331	412
75	613
464	669
464	464
231	355
231	643
231	253
231	259
231	345
231	842
231	186
231	779
231	307
231	801
231	64
231	526
231	252
17	17
17	860
860	102
860	17
860	860
860	798
780	447
780	584
780	280
780	405
780	554
780	616
780	190
780	534
780	329
780	206
780	817
780	12
780	15
780	780
780	51
780	13
780	548
780	330
90	681
90	79
90	373
90	606
141	491
848	483
848	595
848	435
848	253
848	673
848	773
848	423
848	848
580	435
580	589
550	739
550	550
550	271
97	148
97	599
97	672
97	727
97	375
97	124
845	554
845	845
845	677
677	447
677	584
677	280
677	405
677	26
677	759
677	554
677	585
677	230
677	616
677	534
677	329
677	206
677	12
677	15
677	602
677	126
677	812
677	359
677	828
677	780
677	51
677	677
677	13
677	548
677	245
677	541
677	330
43	213
43	375
43	103
43	43
95	520
95	467
95	95
95	95
92	92
30	92
216	253
216	345
216	130
216	200
216	216
99	185
847	104
847	135
847	196
847	568
847	847
632	6
632	632
278	115
278	777
278	135
278	735
278	145
278	196
278	174
278	553
278	553
278	278
308	577
614	134
614	614
601	197
601	636
565	704
565	379
565	647
565	577
565	252
248	49
248	547
248	790
248	134
248	453
248	248
44	841
692	119
692	41
692	692
526	350
526	284
526	435
526	301
526	108
526	526
526	46
77	77
495	315
523	523
523	414
609	633
609	195
609	1
609	348
609	371
728	625
143	525
9	339
9	9
221	394
637	0
637	637
658	455
658	541
658	753
658	857
