0.18604559220002556
0.22000983389989415
0.2542602989000443
0.22289815379990613
0.21456192579971683
0.21493790309978067
0.25016693270008544
0.22031273530010367
0.21665097789991705
0.2504796297998837
0.21889923679991624
0.2127907187001256
0.2530550272000255
0.2555211068000062
0.17802695779973873
0.22275817680019827
0.25792312180019505
0.24699235440020856
0.21494080779993965
0.21540824929979863
0.21126463079999666
0.1789239516001544
0.2807941484999901
0.17216490620012337
0.20648002089983492
0.2545209257001261
0.17536268450021453
0.2119107984999573
0.21507638379989658
0.24235393300004943
