11.428909780996037
10.03153529499832
11.688078491497436
11.749822197001777
12.043757387495134
11.019940277998103
10.188158440003463
10.064119151502382
11.71649091099971
10.23775801550073
14.836289292499714
10.292447773499589
9.84057770849904
13.297547643502185
10.160311776999151
11.856523111993738
11.68780485449679
10.036069906498597
11.83375547650212
10.413689241999236
12.372386849005125
12.17056456800492
12.221237095494871
10.818087237494183
12.316310103997239
12.114438146498287
10.899463591500535
10.266181475992198
13.731977023009676
12.732467213994823
13.539280340497498
12.477048160508275
11.890719190007076
12.313233420500183
10.376338617003057
10.302977906510932
11.910736724501476
16.03284678599448
12.293428065502667
