0.12545039450196782
0.14275128299777862
0.14972988549561705
0.12548010000318754
0.11289666399534326
0.11381623899796978
0.11271157250303077
0.13515484850358916
0.13638782699854346
0.11727237649756717
0.13177403200097615
0.13438040249457117
0.1355303015006939
0.11075424199952977
0.10979071399924578
0.11578028050280409
0.13991833600448444
0.1527802470009192
0.11500036150391679
0.14312564900319558
0.1142308084963588
0.11299449999933131
0.13895849548862316
0.12359918750007637
0.1193732294923393
0.15139840249321423
0.1362209270009771
0.14445377449737862
0.19237374799558893
0.16978794601163827
0.1341799704969162
0.13023780949879438
0.1564285639906302
0.14119176249369048
0.11515675899863709
0.14293110399739817
0.1538903519976884
0.13377086499531288
0.12616533049731515
0.1631466984981671
