51.114728759501304
51.74836742500338
66.66683929300052
69.31186375849938
97.95046696349891
96.2689563410022
84.03911722700286
83.88882717899833
92.39573112349899
82.74609113550105
81.9218625489957
84.99437309800123
83.09709089799435
100.74045504850073
99.40929867300292
85.77694643900031
113.31188568850484
93.2289653675034
82.66517122549703
83.83024924900383
53.76872010699299
57.59616098899278
51.55036146850034
59.436386764995405
45.881287976997555
51.78921077499399
59.41147433350852
52.323389135999605
52.21502130749286
51.943706286503584
52.93515582499094
58.22355194950069
53.08591910050018
52.479182056500576
50.59637949100579
53.030336740994244
51.73992031200032
55.77367824049725
52.95270390750375
59.381081653002184
