0.6291885774990078
0.5624384184993687
0.5063088675015024
0.5480585765035357
0.5352029694986413
0.5164279340024223
0.5266152729964233
0.5391968669937341
0.5292884935042821
0.5332142089973786
0.5794533204971231
0.40600159099994926
0.5214370305038756
0.5271631840005284
0.5858108920001541
0.5243596504951711
0.6198745275032707
0.4385315740000806
0.5948477755009662
0.5797689799946966
0.6390210069948807
0.5259568034962285
0.6661732670036145
0.7321539785043569
0.5516082419926533
0.5469208905124106
0.6634844924992649
0.7589797010004986
0.6659689989901381
0.5364773415058153
0.5499464219901711
0.5310251579940086
0.5839412764908047
0.5531534659967292
0.6194742280058563
0.5507496585050831
0.6555705945065711
0.6376848999934737
0.568092796500423
0.5309309154981747
