443.59683868200227
611.5982615280009
485.8023228009988
437.7950883779995
392.24906012849533
452.051576872007
372.3609718475054
482.67742098649614
450.94474406899826
480.92095524199976
419.6919731885064
433.6549125695019
547.6999144130023
432.12589294899954
450.7591290670025
442.45487230399885
440.16768978800246
488.32031591550185
490.1983465700032
490.2270676404951
268.9011653060006
302.65789088349266
307.7842987424956
269.96579880949866
346.35044399400067
330.48393234450486
272.42246641901147
266.4357664745039
295.00271016200713
233.7754992324917
297.7778686590027
261.86022012149624
264.4182435235125
297.58101612800965
266.63737455049704
296.86535262249527
293.9859946075012
296.1917778634961
236.880536355995
258.1595524250006
