2.4675310339953285
2.13151798400213
2.4584865264987457
2.4551101315009873
2.426767150500382
2.51191975549591
2.460305883498222
2.0592400309978984
2.4469265834995895
2.501098220003769
2.468672046503343
2.456719164001697
2.34596566449909
2.7742100995019428
2.3971255064971047
2.843933089505299
2.4229363449994707
3.260463588994753
2.4860900060011772
2.9137018135006656
2.6591339459992014
2.9529088874987792
2.532183528513997
2.9639407840004424
2.784945899999002
2.9782383419951657
3.0105086015100824
3.2613067144993693
2.6209419640072156
2.656059770495631
3.0020930075115757
2.8974649269948713
2.9557213009975385
2.5637173319992144
3.095116036987747
2.5529845019918866
2.6290793210064294
2.5326366149965907
3.0378568479936803
2.6425279154937016
