0.03117436850152444
0.03182814799947664
0.03263931100082118
0.03139877649664413
0.03126508150307927
0.03709557999536628
0.03562679899914656
0.030955203001212794
0.03770965999865439
0.0308479469968006
0.03483456499816384
0.033904940501088277
0.03616431549744448
0.03736707000643946
0.02495214049849892
0.04002964249957586
0.031234817004587967
0.03248391650413396
0.032683569501386955
0.025430497000343166
0.036319096499937586
0.02955414650205057
0.036262245499528944
0.03328347649949137
0.024949298487626947
0.02553532899764832
0.03161241450288799
0.040049067509244196
0.03128230100264773
0.02536953600065317
0.02698411299206782
0.043022442507208325
0.035319203496328555
0.028266082998015918
0.0357824444945436
0.03469028900144622
0.03452706598909572
0.03501733799930662
0.0342876159993466
0.032730636492487974
