2.0485153747024016
2.039328184002079
2.066774077800801
2.1132735154009423
2.071566852601245
1.9960328460030723
2.005773138999939
2.0553203803021463
2.120704425900476
2.066329891898204
2.0608444650017193
2.149106913304422
2.1044824156037065
1.9885379881015979
2.012479239696404
2.111090518895071
2.0636347262014167
1.9860484631033615
2.1061768546991515
2.027279710199218
2.2210779831017136
2.121410493599251
2.0259048984007677
2.021823934200802
2.070718818099704
2.143525179498829
2.102315823402023
2.0815069933014456
2.170402720000129
2.2878135626000584
2.165348504099529
2.08453918749874
2.0730297227011762
2.0547140267008217
2.1437633155990623
2.2219261924008604
2.040428512400831
2.09962136260001
2.071675031099585
2.1602812202996575
2.0951844727998834
2.0620613284001594
2.047739948600065
2.1213776705000784
2.1685520520986756
2.1269618697988335
2.081644095198135
2.1731817783002043
2.1588737015001245
2.1661196134984495
2.134211147399037
2.1513021695980568
2.1441140225011623
2.1126378367014693
2.1753210711991415
2.1508508216007614
2.22471170029894
2.1431177895981817
2.2122542469995095
2.108566398199764
