0.16115160189801828
0.16840455399942583
0.15431861589895562
0.15889176929485985
0.15984012999688274
0.17188040239852853
0.17385049679432996
0.16579199520056137
0.1609431035001762
0.15428407340077682
0.15890851519652643
0.1640486571996007
0.167399416299304
0.17113954939995893
0.161377676401753
0.15657835240126589
0.1661566907016095
0.15893915169872344
0.15999606139957906
0.16241401639999822
0.15887801340140867
0.16901533610071057
0.15995343679969665
0.16547723039984702
0.1670895406015916
0.16479059479897842
0.16422360200085678
0.16215089890174567
0.1641194598021684
0.16514723779982887
0.17473964089876973
0.15739162279933225
0.16668883390084374
0.1684826955985045
0.16905507080082316
0.16078211590065622
0.1640481334994547
0.15257791180047206
0.1517929686990101
0.16129343479988165
0.15912875829963014
0.15588535139977466
0.1600337337993551
0.16867958789807744
0.16895854439935648
0.16659543800051324
0.17227531890093814
0.16897051950218156
0.1556451045005815
0.15980905600008555
0.1687015664007049
0.1650478661991656
0.17274261279962957
0.16812432410079053
0.1587101248005638
0.15620134009805042
0.15990022730256898
0.16537933420040646
0.16706517500279006
0.1593971591006266
