5.426248749002116
5.234652367600939
5.2684050724026745
5.313985854800558
5.356694644904929
5.475357358995825
5.4442173767019995
5.530114480596967
5.448083021497586
5.348940410895739
5.1564204704016445
5.54165649919887
5.348521879501641
5.281862790300511
5.148241372295888
5.566441422898788
5.25406975869555
5.602974176197312
5.520797707297606
5.455753264395753
5.163889415000449
5.409583947999636
5.583132137998473
5.567968997501884
5.444940370699624
5.575034628697904
5.289376992601319
5.634839846502291
5.603568664297927
5.486891449900577
5.863002085799235
5.860526260099141
5.092819615700864
5.609654321201378
5.531497252499685
5.734205704499618
5.467254937198595
5.336736079197726
5.334070451400476
5.589313734302413
