0.3633583478978835
0.3749766424996778
0.36241142710205165
0.3622553456982132
0.36090276630129664
0.36776654990389945
0.3503320558986161
0.35794566809781825
0.36740180859924293
0.3659116881026421
0.3545392839005217
0.352055938198464
0.36608633199939505
0.37143558179959657
0.37396795739769007
0.3545995480963029
0.3664371755963657
0.3659440707997419
0.36557323730085045
0.35361065290053373
0.36739731320121793
0.366597639201791
0.35327111419755963
0.3683479636005359
0.3672978068003431
0.38000622050021776
0.35438913909893016
0.3602517197985435
0.37010811060026755
0.3680544607021147
0.36924076110008175
0.36453152329777366
0.3519986130006146
0.36710441290051676
0.3653710526006762
0.3583251398988068
0.351820712198969
0.36515253690013194
0.36010398180224
0.3568204477021936
0.3809985333995428
0.3772978477005381
0.3783800761011662
0.378460568698938
0.3828304706985364
0.3693226589006372
0.3819457504985621
0.37797659570060205
0.3778485229006037
0.3964921327016782
0.38419991510163526
0.37807670029869767
0.3832408646994736
0.38068568329908886
0.3609732315002475
0.37327203299792017
0.3616259299975354
0.3699088848021347
0.3684765039011836
0.3570885875989916
