15.729976817499846
16.18687169380137
15.073894914699485
14.966685180302012
15.293080578901572
13.337831118499162
15.5621369201981
14.736220906901872
14.641464978503063
13.851738152600593
14.328799077600706
14.994516126200324
14.973510688799433
15.275688656896818
15.000514971098164
15.217121728800702
14.665584465599386
15.530327671702253
14.240462741599185
15.442830106598558
14.954522551599075
16.319835685999713
15.044427862000884
15.868525261600734
14.427908635998028
15.167316417198162
14.683584489198983
15.838498541899025
15.50848046009778
15.818214965899823
15.512166369598708
14.844581725698664
16.059269649101772
16.058661282199317
16.045850888101267
15.723841066399473
15.996029455200187
15.664531052901292
15.466528529700009
15.47234148849966
16.530620545099374
15.979739207401872
15.609094305100735
15.3500443455996
15.62767894580029
15.527270211599534
14.57976800930046
