0.862057981302496
0.8616248438018375
0.862893167004222
0.8610724097001367
0.8552846253034658
0.84804524340434
0.840818287996808
0.8603193326969631
0.8350042166013736
0.866781438695034
0.8758186345978174
0.8618189982022159
0.869743917696178
0.874015828903066
0.8597528915968724
0.8551714941975661
0.8473093589011114
0.8226324413029943
0.8429529223998543
0.8540266606025397
0.8455274531996111
0.85769263819966
0.8793294033996062
0.8135030564008048
0.8356579351006076
0.853475176502252
0.8313293791987235
0.8398427584004822
0.8172825315996306
0.858030889899237
0.8358103719016071
0.8508249386999523
0.8405394024011912
0.8455952634016285
0.8614882135996595
0.8733661758014932
0.8489233083004365
0.8496371971996268
0.8748416074988199
0.8662056479981401
0.8283829751017038
0.8505031934008003
0.8649586011975771
0.9437263482017443
0.8611235996009782
0.8733410619985079
0.8964431071013678
0.8549254201992881
0.9064937463001115
0.8595291788020404
0.8864046998001868
0.9024904461024562
0.8872318765992532
0.9331028273998527
0.8824691911984701
0.8696655694016954
0.8726536411006236
0.871456164601841
0.8723447961994679
0.8839731165993726
