0.043466889602132144
0.06588643710128964
0.0759319149015937
0.07450124039896763
0.07693139599869028
0.07390271549811586
0.06687137400149368
0.07404393639881164
0.06773181959870271
0.07037018440314569
0.06987565280287526
0.07073558979900554
0.07291579699958675
0.0711234712973237
0.07986176140257158
0.07325626279925927
0.07569983470020816
0.07280573979951441
0.06987225970369763
0.06923763760132715
0.04289174859877676
0.0433228534006048
0.04427263569959905
0.04650883270078339
0.044210834699333644
0.04414961379952729
0.04549062279984355
0.04105848069884814
0.04516888130165171
0.04633938609913457
0.045943482901202516
0.04363322220160626
0.04412579509953503
0.04378039560106117
0.04327993089973461
0.0446146973001305
0.04440583579998929
0.045238969099591485
0.04217335570137948
0.07285540699958801
0.07440126509754919
0.07675620130030439
0.07049288779962808
0.07964799609908368
0.073989733599592
0.07602870920090936
0.07454916760034394
0.06968288799980656
0.07037193439900875
0.06901015210023616
0.06633853709790856
0.06755652659921907
0.06939878890116233
0.07580909709795378
0.07415284030139446
0.07901608700049109
0.07361586109909694
0.0744262284017168
0.07327797879988793
0.0789259982004296
