43.9924612740986
45.141806290199746
44.44915373259573
46.72570956320269
46.39067958520027
47.83071357720182
45.96882064419915
43.77680055240053
47.57040142929763
46.41081600569887
47.94096634289599
49.00645716440049
49.1144328532042
48.9795441867027
50.479799518705114
45.01066331069451
47.01000351189869
47.974181627901274
48.11132092750049
44.963589201302966
45.806641682298505
44.8882440774003
45.82444799779914
47.84211005490215
45.76426916259807
46.67094353779976
48.69878783239983
47.79174932450114
47.85862159529934
47.292882584797916
46.11041116199922
48.23218728319917
48.77921179659897
48.13832001069968
46.140551126698846
47.69915757990093
48.23052564949903
49.21737174519804
