1 1
8 1
9 1
10 1
11 1
18 1
19 1
21 1
23 1
24 1
26 1
27 1
28 1
29 1
30 1
31 1
32 1
33 1
34 1
36 1
37 1
38 1
40 1
41 1
42 1
43 1
44 1
45 1
47 1
48 1
49 1
50 1
55 1
99 1
100 1
101 1
2 2
1 3
2 3
3 3
1 4
4 4
8 4
9 4
10 4
11 4
18 4
20 4
21 4
23 4
24 4
25 4
26 4
27 4
28 4
29 4
30 4
31 4
32 4
33 4
34 4
36 4
37 4
38 4
39 4
40 4
41 4
42 4
43 4
44 4
45 4
46 4
47 4
48 4
49 4
50 4
99 4
5 5
1 6
6 6
96 6
1 7
7 7
96 7
8 8
9 8
10 8
11 8
18 8
22 8
23 8
24 8
26 8
27 8
29 8
31 8
32 8
33 8
34 8
36 8
37 8
40 8
41 8
42 8
45 8
46 8
47 8
48 8
49 8
50 8
54 8
55 8
56 8
58 8
99 8
9 9
18 9
22 9
24 9
26 9
27 9
29 9
30 9
31 9
32 9
33 9
36 9
37 9
38 9
40 9
41 9
42 9
45 9
46 9
47 9
48 9
49 9
50 9
54 9
55 9
56 9
59 9
99 9
102 9
132 9
10 10
18 10
22 10
24 10
26 10
30 10
31 10
32 10
33 10
36 10
37 10
38 10
40 10
41 10
42 10
45 10
46 10
47 10
48 10
49 10
50 10
54 10
55 10
56 10
60 10
99 10
102 10
132 10
11 11
18 11
22 11
24 11
26 11
27 11
29 11
30 11
31 11
32 11
33 11
36 11
37 11
38 11
40 11
41 11
42 11
44 11
45 11
46 11
47 11
48 11
49 11
50 11
54 11
55 11
56 11
61 11
99 11
102 11
132 11
12 12
13 13
14 14
15 15
16 16
17 17
18 18
19 19
20 20
18 21
21 21
22 21
24 21
26 21
27 21
29 21
30 21
31 21
32 21
33 21
36 21
37 21
38 21
40 21
41 21
42 21
44 21
45 21
46 21
47 21
48 21
49 21
50 21
54 21
55 21
56 21
62 21
99 21
102 21
132 21
18 22
19 22
20 22
22 22
24 22
25 22
26 22
27 22
29 22
30 22
31 22
32 22
34 22
35 22
36 22
37 22
38 22
40 22
41 22
42 22
43 22
44 22
45 22
46 22
47 22
48 22
49 22
50 22
54 22
55 22
56 22
72 22
99 22
103 22
18 23
19 23
20 23
22 23
23 23
24 23
25 23
26 23
27 23
29 23
30 23
31 23
32 23
34 23
36 23
37 23
40 23
41 23
42 23
43 23
44 23
45 23
46 23
47 23
48 23
49 23
50 23
54 23
55 23
56 23
99 23
103 23
104 23
105 23
106 23
107 23
108 23
14 24
18 24
19 24
20 24
22 24
23 24
24 24
25 24
26 24
27 24
29 24
30 24
31 24
32 24
34 24
36 24
37 24
40 24
41 24
42 24
43 24
44 24
45 24
46 24
47 24
48 24
49 24
50 24
54 24
55 24
56 24
99 24
103 24
104 24
107 24
108 24
16 25
18 25
19 25
20 25
22 25
23 25
24 25
25 25
26 25
27 25
28 25
29 25
30 25
31 25
32 25
34 25
36 25
37 25
38 25
39 25
40 25
41 25
42 25
43 25
44 25
45 25
46 25
47 25
48 25
49 25
50 25
54 25
55 25
56 25
99 25
103 25
104 25
105 25
106 25
107 25
108 25
18 26
19 26
20 26
21 26
22 26
23 26
24 26
25 26
26 26
27 26
28 26
29 26
30 26
31 26
32 26
34 26
36 26
37 26
38 26
39 26
40 26
41 26
42 26
43 26
44 26
45 26
46 26
47 26
48 26
49 26
50 26
54 26
55 26
56 26
76 26
99 26
103 26
104 26
107 26
108 26
18 27
19 27
20 27
21 27
22 27
23 27
24 27
25 27
26 27
27 27
28 27
29 27
30 27
31 27
32 27
34 27
36 27
37 27
38 27
39 27
40 27
41 27
42 27
43 27
44 27
45 27
46 27
47 27
48 27
49 27
50 27
54 27
55 27
56 27
77 27
99 27
103 27
104 27
107 27
13 28
17 28
18 28
19 28
20 28
22 28
23 28
24 28
25 28
26 28
27 28
28 28
29 28
30 28
31 28
32 28
34 28
36 28
37 28
38 28
39 28
40 28
41 28
42 28
43 28
44 28
45 28
46 28
47 28
48 28
49 28
50 28
54 28
55 28
56 28
78 28
99 28
103 28
104 28
107 28
108 28
18 29
19 29
20 29
22 29
23 29
24 29
25 29
26 29
27 29
28 29
29 29
30 29
31 29
32 29
34 29
36 29
37 29
40 29
41 29
42 29
43 29
44 29
45 29
46 29
47 29
48 29
49 29
50 29
54 29
55 29
56 29
79 29
99 29
103 29
104 29
107 29
108 29
15 30
16 30
18 30
19 30
20 30
22 30
24 30
25 30
26 30
27 30
28 30
29 30
30 30
31 30
32 30
34 30
37 30
39 30
40 30
41 30
42 30
43 30
44 30
45 30
46 30
47 30
48 30
49 30
50 30
54 30
55 30
80 30
99 30
103 30
104 30
107 30
108 30
18 31
19 31
20 31
22 31
23 31
24 31
25 31
26 31
27 31
28 31
29 31
30 31
31 31
32 31
34 31
36 31
37 31
38 31
39 31
40 31
41 31
42 31
43 31
44 31
45 31
46 31
47 31
48 31
49 31
50 31
54 31
55 31
56 31
81 31
99 31
103 31
104 31
107 31
108 31
12 32
13 32
14 32
15 32
16 32
18 32
19 32
20 32
22 32
23 32
24 32
25 32
26 32
27 32
29 32
30 32
31 32
32 32
34 32
35 32
36 32
37 32
39 32
40 32
41 32
42 32
43 32
44 32
45 32
46 32
47 32
48 32
49 32
50 32
54 32
55 32
56 32
82 32
99 32
103 32
104 32
105 32
106 32
107 32
108 32
18 33
19 33
22 33
23 33
24 33
26 33
27 33
29 33
30 33
31 33
32 33
33 33
34 33
36 33
37 33
40 33
41 33
42 33
43 33
45 33
46 33
47 33
48 33
49 33
50 33
54 33
55 33
56 33
83 33
99 33
103 33
104 33
105 33
106 33
107 33
108 33
15 34
16 34
18 34
19 34
20 34
22 34
23 34
24 34
25 34
26 34
27 34
28 34
29 34
30 34
31 34
32 34
34 34
36 34
37 34
39 34
40 34
41 34
42 34
43 34
44 34
45 34
46 34
47 34
48 34
49 34
50 34
54 34
55 34
56 34
84 34
99 34
103 34
104 34
105 34
106 34
107 34
108 34
18 35
19 35
20 35
22 35
24 35
25 35
26 35
27 35
29 35
30 35
31 35
32 35
34 35
35 35
36 35
37 35
40 35
41 35
42 35
43 35
44 35
45 35
46 35
47 35
48 35
49 35
50 35
54 35
55 35
56 35
85 35
99 35
103 35
107 35
108 35
13 36
18 36
19 36
20 36
22 36
23 36
24 36
25 36
26 36
27 36
28 36
29 36
30 36
31 36
32 36
34 36
35 36
36 36
37 36
39 36
40 36
41 36
42 36
43 36
44 36
45 36
46 36
47 36
48 36
49 36
50 36
54 36
55 36
56 36
86 36
99 36
103 36
106 36
107 36
108 36
12 37
13 37
14 37
15 37
17 37
18 37
19 37
20 37
22 37
24 37
25 37
26 37
27 37
28 37
29 37
30 37
31 37
32 37
34 37
36 37
37 37
38 37
39 37
40 37
41 37
42 37
43 37
44 37
45 37
46 37
47 37
48 37
49 37
50 37
54 37
55 37
56 37
87 37
99 37
103 37
104 37
107 37
12 38
13 38
14 38
15 38
17 38
18 38
19 38
20 38
22 38
24 38
25 38
26 38
27 38
28 38
29 38
30 38
31 38
32 38
34 38
35 38
36 38
37 38
38 38
39 38
40 38
41 38
42 38
43 38
44 38
45 38
46 38
47 38
48 38
49 38
50 38
54 38
55 38
56 38
88 38
99 38
103 38
104 38
107 38
12 39
13 39
14 39
15 39
18 39
20 39
24 39
25 39
26 39
27 39
28 39
29 39
30 39
31 39
32 39
33 39
34 39
36 39
37 39
38 39
39 39
40 39
41 39
42 39
43 39
44 39
45 39
46 39
47 39
48 39
49 39
50 39
54 39
55 39
56 39
89 39
99 39
103 39
104 39
107 39
12 40
13 40
14 40
15 40
16 40
17 40
18 40
19 40
20 40
22 40
23 40
24 40
25 40
26 40
27 40
28 40
29 40
30 40
31 40
32 40
34 40
36 40
37 40
38 40
39 40
40 40
41 40
42 40
43 40
44 40
45 40
46 40
47 40
48 40
49 40
50 40
54 40
55 40
56 40
90 40
99 40
103 40
104 40
107 40
12 41
13 41
14 41
15 41
17 41
18 41
19 41
20 41
22 41
23 41
24 41
25 41
26 41
27 41
28 41
29 41
30 41
31 41
32 41
34 41
36 41
37 41
38 41
39 41
40 41
41 41
42 41
43 41
44 41
45 41
46 41
47 41
48 41
49 41
50 41
54 41
55 41
56 41
91 41
99 41
103 41
104 41
107 41
12 42
13 42
14 42
15 42
16 42
17 42
18 42
19 42
20 42
22 42
24 42
25 42
26 42
27 42
28 42
29 42
30 42
31 42
32 42
34 42
36 42
37 42
38 42
39 42
40 42
41 42
42 42
43 42
44 42
45 42
46 42
47 42
48 42
49 42
50 42
54 42
55 42
56 42
92 42
99 42
103 42
104 42
107 42
18 43
19 43
20 43
22 43
23 43
24 43
25 43
26 43
27 43
28 43
29 43
30 43
31 43
32 43
34 43
36 43
37 43
38 43
39 43
40 43
41 43
42 43
43 43
44 43
45 43
46 43
47 43
48 43
49 43
50 43
54 43
55 43
56 43
93 43
99 43
103 43
104 43
107 43
12 44
13 44
18 44
19 44
20 44
22 44
23 44
24 44
25 44
26 44
27 44
28 44
29 44
30 44
31 44
32 44
34 44
36 44
37 44
38 44
39 44
40 44
41 44
42 44
43 44
44 44
45 44
46 44
47 44
48 44
49 44
50 44
54 44
55 44
56 44
94 44
99 44
103 44
104 44
107 44
18 45
19 45
20 45
22 45
23 45
24 45
25 45
26 45
27 45
28 45
29 45
30 45
31 45
32 45
34 45
35 45
36 45
37 45
40 45
41 45
42 45
43 45
44 45
45 45
46 45
47 45
48 45
49 45
50 45
54 45
55 45
99 45
103 45
18 46
19 46
22 46
24 46
25 46
26 46
27 46
28 46
29 46
30 46
31 46
32 46
34 46
35 46
36 46
37 46
38 46
40 46
41 46
42 46
43 46
44 46
45 46
46 46
47 46
48 46
49 46
50 46
54 46
55 46
99 46
18 47
19 47
22 47
23 47
24 47
25 47
26 47
27 47
28 47
29 47
30 47
31 47
32 47
34 47
35 47
36 47
37 47
38 47
39 47
40 47
41 47
42 47
43 47
44 47
45 47
46 47
47 47
48 47
49 47
50 47
54 47
55 47
99 47
18 48
19 48
20 48
22 48
23 48
24 48
25 48
26 48
27 48
29 48
30 48
31 48
32 48
34 48
36 48
37 48
38 48
39 48
40 48
41 48
42 48
43 48
44 48
45 48
46 48
47 48
48 48
49 48
50 48
54 48
55 48
99 48
18 49
19 49
22 49
24 49
25 49
26 49
29 49
30 49
31 49
32 49
34 49
36 49
37 49
40 49
41 49
42 49
43 49
44 49
45 49
46 49
47 49
48 49
49 49
50 49
54 49
55 49
99 49
18 50
19 50
22 50
24 50
25 50
26 50
27 50
28 50
29 50
30 50
31 50
32 50
34 50
35 50
36 50
37 50
38 50
39 50
40 50
41 50
42 50
43 50
44 50
45 50
46 50
47 50
48 50
49 50
50 50
54 50
55 50
99 50
3 51
28 51
37 51
38 51
39 51
40 51
41 51
42 51
43 51
44 51
47 51
48 51
50 51
51 51
3 52
46 52
47 52
48 52
50 52
52 52
1 53
2 53
8 53
9 53
10 53
11 53
17 53
18 53
19 53
20 53
21 53
22 53
23 53
24 53
25 53
26 53
27 53
28 53
29 53
31 53
32 53
33 53
34 53
35 53
36 53
37 53
38 53
39 53
40 53
41 53
42 53
43 53
44 53
53 53
51 54
54 54
52 55
55 55
53 56
56 56
5 57
57 57
5 58
6 58
8 58
58 58
73 58
5 59
6 59
9 59
59 59
73 59
5 60
6 60
10 60
60 60
73 60
5 61
6 61
11 61
61 61
5 62
6 62
21 62
62 62
73 62
5 63
6 63
12 63
63 63
75 63
5 64
6 64
13 64
64 64
5 65
6 65
14 65
65 65
75 65
5 66
6 66
15 66
66 66
75 66
5 67
6 67
16 67
67 67
75 67
5 68
6 68
17 68
68 68
5 69
6 69
18 69
69 69
74 69
5 70
6 70
19 70
70 70
5 71
6 71
20 71
71 71
5 72
6 72
22 72
72 72
75 72
5 73
6 73
23 73
73 73
5 74
6 74
24 74
74 74
5 75
6 75
25 75
75 75
5 76
6 76
26 76
76 76
5 77
6 77
27 77
77 77
5 78
6 78
28 78
78 78
5 79
6 79
29 79
79 79
5 80
6 80
30 80
80 80
5 81
6 81
31 81
81 81
5 82
6 82
32 82
82 82
5 83
6 83
33 83
83 83
5 84
6 84
34 84
84 84
5 85
6 85
35 85
85 85
5 86
6 86
36 86
86 86
5 87
6 87
37 87
87 87
5 88
6 88
38 88
88 88
5 89
6 89
39 89
89 89
5 90
6 90
40 90
90 90
5 91
6 91
41 91
91 91
5 92
6 92
42 92
92 92
5 93
6 93
43 93
93 93
5 94
6 94
44 94
94 94
5 95
6 95
50 95
95 95
5 96
6 96
48 96
96 96
2 97
5 97
97 97
2 98
5 98
98 98
99 99
100 100
101 101
102 102
110 102
103 103
111 103
104 104
112 104
105 105
113 105
106 106
114 106
107 107
115 107
108 108
116 108
109 109
117 109
110 110
111 111
112 112
113 113
114 114
115 115
116 116
117 117
118 118
119 119
120 120
121 121
122 122
132 123
123 124
124 125
125 126
126 127
127 128
128 129
129 130
130 131
131 132
133 133
134 134
5 135
7 135
8 135
135 135
150 135
5 136
7 136
9 136
136 136
150 136
5 137
7 137
10 137
137 137
150 137
5 138
7 138
11 138
138 138
5 139
7 139
21 139
139 139
150 139
5 140
7 140
12 140
140 140
152 140
5 141
7 141
13 141
141 141
5 142
7 142
14 142
142 142
152 142
5 143
7 143
15 143
143 143
152 143
5 144
7 144
16 144
144 144
152 144
5 145
7 145
17 145
145 145
5 146
7 146
18 146
146 146
151 146
5 147
7 147
19 147
147 147
5 148
7 148
20 148
148 148
5 149
7 149
22 149
149 149
152 149
5 150
7 150
23 150
150 150
5 151
7 151
24 151
151 151
5 152
7 152
25 152
152 152
5 153
7 153
26 153
153 153
5 154
7 154
27 154
154 154
5 155
7 155
28 155
155 155
5 156
7 156
29 156
156 156
5 157
7 157
30 157
157 157
5 158
7 158
31 158
158 158
5 159
7 159
32 159
159 159
5 160
7 160
33 160
160 160
5 161
7 161
34 161
161 161
5 162
7 162
35 162
162 162
5 163
7 163
36 163
163 163
5 164
7 164
37 164
164 164
5 165
7 165
38 165
165 165
5 166
7 166
39 166
166 166
5 167
7 167
40 167
167 167
5 168
7 168
41 168
168 168
5 169
7 169
42 169
169 169
5 170
7 170
43 170
170 170
5 171
7 171
44 171
171 171
5 172
7 172
50 172
172 172
5 173
7 173
48 173
173 173
2 174
5 174
174 174
2 175
5 175
175 175
1 176
2 176
4 176
95 176
96 176
97 176
98 176
186 176
207 176
8 177
9 177
10 177
11 177
18 177
19 177
21 177
23 177
24 177
26 177
27 177
28 177
29 177
30 177
31 177
32 177
33 177
34 177
36 177
37 177
38 177
40 177
41 177
42 177
43 177
44 177
45 177
47 177
48 177
49 177
50 177
55 177
99 177
100 177
101 177
1 178
54 178
55 178
99 178
104 178
109 178
8 179
18 179
19 179
23 179
24 179
26 179
29 179
30 179
31 179
32 179
33 179
34 179
36 179
37 179
38 179
40 179
41 179
42 179
43 179
44 179
45 179
47 179
48 179
49 179
50 179
54 179
55 179
99 179
8 180
5 181
6 181
8 181
73 181
5 182
7 182
8 182
150 182
8 183
10 183
12 184
18 184
19 184
20 184
22 184
24 184
25 184
26 184
27 184
29 184
30 184
31 184
32 184
34 184
35 184
36 184
37 184
38 184
40 184
41 184
42 184
43 184
44 184
45 184
46 184
49 184
50 184
54 184
55 184
99 184
13 185
18 185
19 185
20 185
22 185
24 185
25 185
27 185
29 185
30 185
31 185
32 185
34 185
35 185
36 185
37 185
38 185
40 185
41 185
42 185
43 185
44 185
45 185
46 185
49 185
50 185
54 185
55 185
99 185
14 186
18 186
19 186
20 186
22 186
24 186
25 186
26 186
27 186
29 186
30 186
31 186
32 186
34 186
35 186
36 186
37 186
38 186
40 186
41 186
42 186
43 186
44 186
45 186
46 186
49 186
50 186
54 186
55 186
99 186
15 187
18 187
19 187
20 187
22 187
24 187
25 187
27 187
29 187
30 187
31 187
32 187
34 187
35 187
36 187
37 187
38 187
40 187
41 187
42 187
43 187
44 187
45 187
46 187
49 187
50 187
54 187
55 187
99 187
16 188
18 188
19 188
20 188
22 188
24 188
25 188
27 188
29 188
30 188
31 188
32 188
34 188
35 188
36 188
37 188
38 188
40 188
41 188
42 188
43 188
44 188
45 188
46 188
49 188
50 188
54 188
55 188
99 188
17 189
18 189
19 189
20 189
22 189
24 189
25 189
26 189
27 189
29 189
30 189
31 189
32 189
34 189
35 189
36 189
37 189
38 189
40 189
41 189
42 189
43 189
44 189
45 189
46 189
49 189
50 189
54 189
55 189
56 189
99 189
18 190
19 190
24 190
25 190
26 190
29 190
30 190
31 190
32 190
34 190
35 190
36 190
37 190
40 190
41 190
42 190
43 190
44 190
45 190
46 190
49 190
50 190
54 190
55 190
56 190
99 190
18 191
19 191
24 191
25 191
26 191
29 191
30 191
31 191
32 191
34 191
35 191
36 191
37 191
40 191
41 191
42 191
43 191
44 191
45 191
46 191
49 191
50 191
54 191
55 191
56 191
99 191
18 192
19 192
20 192
22 192
24 192
25 192
26 192
27 192
29 192
30 192
31 192
32 192
34 192
36 192
37 192
38 192
40 192
41 192
42 192
44 192
45 192
46 192
47 192
49 192
50 192
54 192
55 192
56 192
99 192
63 193
64 194
65 195
66 196
67 197
68 198
69 199
70 200
71 201
25 202
31 203
33 204
35 205
37 206
39 207
41 208
42 209
1 210
18 210
24 210
26 210
28 210
30 210
31 210
32 210
34 210
37 210
40 210
45 210
50 210
54 210
55 210
99 210
103 210
111 210
118 210
193 210
194 210
195 210
196 210
197 210
1 211
18 211
24 211
26 211
28 211
30 211
31 211
32 211
34 211
37 211
40 211
45 211
50 211
54 211
55 211
99 211
107 211
115 211
119 211
193 211
194 211
195 211
196 211
197 211
1 212
18 212
24 212
26 212
28 212
30 212
31 212
32 212
34 212
37 212
40 212
45 212
50 212
54 212
55 212
99 212
107 212
115 212
120 212
193 212
194 212
195 212
196 212
197 212
1 213
18 213
24 213
26 213
28 213
30 213
31 213
32 213
34 213
37 213
40 213
45 213
50 213
54 213
55 213
99 213
107 213
115 213
121 213
193 213
194 213
195 213
196 213
197 213
1 214
18 214
24 214
28 214
30 214
31 214
32 214
34 214
37 214
45 214
50 214
54 214
55 214
99 214
109 214
122 214
194 214
3 215
35 215
40 215
41 215
54 215
55 215
99 215
3 216
18 216
24 216
54 216
55 216
99 216
123 226
124 227
125 228
126 229
127 230
128 231
129 232
130 233
131 234
57 238
5 240
64 243
67 243
69 243
70 243
74 243
75 243
142 243
151 243
152 243
5 246
7 246
176 246
187 246
5 247
7 247
177 247
188 247
5 248
7 248
178 248
189 248
5 249
7 249
179 249
192 249
5 250
7 250
180 250
193 250
5 251
7 251
181 251
194 251
5 252
7 252
182 252
195 252
5 253
7 253
183 253
196 253
5 254
7 254
184 254
197 254
5 255
185 255
1 256
8 256
9 256
10 256
11 256
18 256
20 256
21 256
23 256
24 256
25 256
26 256
27 256
28 256
29 256
30 256
31 256
32 256
33 256
34 256
36 256
37 256
39 256
40 256
41 256
42 256
43 256
44 256
45 256
46 256
47 256
48 256
49 256
50 256
99 256
186 256
187 256
188 256
189 256
190 256
191 256
192 256
193 256
194 256
195 256
196 256
197 256
12 257
13 257
14 257
15 257
18 257
20 257
24 257
25 257
26 257
27 257
28 257
29 257
30 257
31 257
32 257
33 257
34 257
36 257
37 257
38 257
40 257
41 257
42 257
43 257
44 257
45 257
46 257
47 257
48 257
49 257
50 257
54 257
55 257
99 257
103 257
104 257
107 257
187 257
189 257
192 257
193 257
194 257
195 257
197 257
198 257
12 258
13 258
14 258
15 258
17 258
18 258
20 258
24 258
25 258
26 258
27 258
28 258
29 258
30 258
31 258
32 258
34 258
36 258
37 258
38 258
39 258
40 258
41 258
42 258
43 258
44 258
45 258
46 258
47 258
48 258
49 258
50 258
54 258
55 258
99 258
103 258
104 258
107 258
188 258
189 258
192 258
199 258
12 259
13 259
14 259
15 259
16 259
17 259
18 259
20 259
24 259
25 259
26 259
27 259
28 259
29 259
30 259
31 259
32 259
34 259
36 259
37 259
39 259
40 259
41 259
42 259
43 259
44 259
45 259
46 259
47 259
48 259
49 259
50 259
54 259
55 259
99 259
103 259
104 259
107 259
189 259
192 259
193 259
195 259
197 259
200 259
8 260
9 260
10 260
11 260
18 260
21 260
22 260
23 260
24 260
25 260
26 260
27 260
28 260
29 260
30 260
31 260
32 260
33 260
34 260
35 260
36 260
37 260
40 260
41 260
42 260
43 260
44 260
45 260
46 260
47 260
48 260
49 260
50 260
54 260
55 260
99 260
189 260
190 260
196 260
8 261
9 261
10 261
11 261
18 261
21 261
22 261
23 261
24 261
25 261
26 261
27 261
28 261
29 261
30 261
31 261
32 261
34 261
35 261
36 261
37 261
40 261
41 261
42 261
43 261
44 261
45 261
46 261
47 261
48 261
49 261
50 261
54 261
55 261
99 261
189 261
191 261
8 262
9 262
10 262
11 262
12 262
13 262
14 262
15 262
18 262
20 262
21 262
23 262
24 262
25 262
26 262
28 262
29 262
30 262
31 262
32 262
34 262
36 262
37 262
39 262
40 262
41 262
42 262
43 262
44 262
45 262
46 262
47 262
48 262
49 262
50 262
54 262
55 262
99 262
103 262
104 262
107 262
189 262
192 262
195 262
197 262
201 262
8 263
9 263
10 263
11 263
12 263
13 263
14 263
15 263
16 263
17 263
18 263
20 263
21 263
22 263
23 263
24 263
25 263
26 263
27 263
29 263
30 263
31 263
32 263
34 263
36 263
37 263
39 263
40 263
41 263
42 263
43 263
44 263
45 263
46 263
47 263
48 263
49 263
50 263
54 263
55 263
99 263
103 263
104 263
107 263
189 263
193 263
194 263
202 263
8 264
9 264
10 264
11 264
12 264
13 264
14 264
15 264
17 264
18 264
20 264
21 264
23 264
24 264
25 264
26 264
27 264
29 264
30 264
31 264
32 264
36 264
37 264
39 264
40 264
41 264
42 264
43 264
45 264
46 264
47 264
48 264
49 264
50 264
54 264
55 264
99 264
103 264
104 264
107 264
189 264
193 264
194 264
203 264
8 265
9 265
10 265
11 265
12 265
13 265
14 265
15 265
16 265
17 265
18 265
20 265
21 265
23 265
24 265
25 265
27 265
29 265
30 265
31 265
32 265
34 265
36 265
37 265
40 265
41 265
42 265
44 265
45 265
46 265
47 265
48 265
49 265
50 265
54 265
55 265
99 265
103 265
104 265
107 265
195 265
204 265
8 266
9 266
10 266
11 266
12 266
13 266
14 266
15 266
16 266
17 266
18 266
20 266
21 266
22 266
23 266
24 266
25 266
26 266
27 266
29 266
30 266
31 266
32 266
34 266
36 266
37 266
40 266
41 266
42 266
45 266
46 266
47 266
48 266
49 266
50 266
54 266
55 266
99 266
103 266
104 266
107 266
195 266
196 266
205 266
8 267
9 267
10 267
11 267
12 267
13 267
14 267
15 267
16 267
17 267
18 267
20 267
21 267
22 267
23 267
24 267
25 267
26 267
27 267
28 267
29 267
30 267
31 267
32 267
34 267
36 267
37 267
39 267
40 267
41 267
42 267
43 267
44 267
45 267
46 267
47 267
48 267
49 267
50 267
54 267
55 267
99 267
103 267
104 267
107 267
189 267
193 267
195 267
197 267
206 267
5 268
6 268
187 268
198 268
5 269
6 269
188 269
199 269
5 270
6 270
189 270
200 270
5 271
6 271
192 271
201 271
5 272
6 272
193 272
202 272
5 273
6 273
194 273
203 273
5 274
6 274
195 274
204 274
5 275
6 275
196 275
205 275
5 276
6 276
197 276
206 276
5 277
207 277
