1 1
8 1
9 1
10 1
11 1
18 1
19 1
20 1
21 1
23 1
24 1
26 1
27 1
28 1
29 1
30 1
31 1
32 1
33 1
34 1
36 1
37 1
38 1
40 1
41 1
42 1
43 1
44 1
45 1
47 1
48 1
49 1
50 1
55 1
99 1
100 1
101 1
2 2
1 3
2 3
3 3
98 3
1 4
4 4
18 4
20 4
22 4
23 4
24 4
25 4
26 4
27 4
28 4
29 4
30 4
31 4
32 4
34 4
36 4
37 4
38 4
39 4
40 4
41 4
42 4
43 4
44 4
45 4
46 4
47 4
48 4
49 4
50 4
99 4
5 5
57 5
1 6
6 6
96 6
1 7
7 7
96 7
8 8
9 8
10 8
11 8
18 8
22 8
23 8
24 8
26 8
27 8
29 8
31 8
32 8
33 8
34 8
36 8
37 8
40 8
41 8
42 8
45 8
46 8
47 8
48 8
49 8
50 8
54 8
55 8
56 8
58 8
99 8
9 9
18 9
22 9
24 9
26 9
27 9
29 9
30 9
31 9
32 9
33 9
36 9
37 9
38 9
40 9
41 9
42 9
45 9
46 9
47 9
48 9
49 9
50 9
54 9
55 9
56 9
59 9
99 9
102 9
132 9
10 10
18 10
22 10
24 10
26 10
30 10
31 10
32 10
33 10
36 10
37 10
38 10
40 10
41 10
42 10
45 10
46 10
47 10
48 10
49 10
50 10
54 10
55 10
56 10
60 10
99 10
102 10
132 10
11 11
18 11
22 11
24 11
26 11
27 11
29 11
30 11
31 11
32 11
33 11
36 11
37 11
38 11
40 11
41 11
42 11
44 11
45 11
46 11
47 11
48 11
49 11
50 11
54 11
55 11
56 11
61 11
99 11
102 11
132 11
63 12
64 13
65 14
66 15
67 16
68 17
18 18
19 18
24 18
25 18
26 18
29 18
30 18
31 18
32 18
34 18
35 18
36 18
37 18
40 18
41 18
42 18
43 18
44 18
45 18
46 18
49 18
50 18
54 18
55 18
56 18
99 18
129 18
18 19
19 19
24 19
25 19
26 19
29 19
30 19
31 19
32 19
34 19
35 19
36 19
37 19
40 19
41 19
42 19
43 19
44 19
45 19
46 19
49 19
50 19
54 19
55 19
56 19
99 19
130 19
71 20
18 21
21 21
22 21
24 21
26 21
27 21
29 21
30 21
31 21
32 21
33 21
36 21
37 21
38 21
40 21
41 21
42 21
44 21
45 21
46 21
47 21
48 21
49 21
50 21
54 21
55 21
56 21
62 21
99 21
102 21
132 21
18 22
19 22
20 22
22 22
24 22
25 22
26 22
27 22
29 22
30 22
31 22
32 22
34 22
35 22
36 22
37 22
38 22
40 22
41 22
42 22
43 22
44 22
45 22
46 22
47 22
48 22
49 22
50 22
54 22
55 22
56 22
72 22
99 22
18 23
19 23
20 23
22 23
23 23
24 23
25 23
26 23
27 23
29 23
30 23
31 23
32 23
34 23
36 23
37 23
40 23
41 23
42 23
43 23
44 23
45 23
46 23
47 23
48 23
49 23
50 23
54 23
55 23
56 23
99 23
103 23
104 23
105 23
106 23
107 23
108 23
14 24
18 24
19 24
20 24
22 24
23 24
24 24
25 24
26 24
27 24
29 24
30 24
31 24
32 24
34 24
36 24
37 24
40 24
41 24
42 24
43 24
44 24
45 24
46 24
47 24
48 24
49 24
50 24
54 24
55 24
56 24
99 24
103 24
104 24
107 24
108 24
16 25
18 25
19 25
20 25
22 25
23 25
24 25
25 25
26 25
27 25
28 25
29 25
30 25
31 25
32 25
34 25
36 25
37 25
38 25
39 25
40 25
41 25
42 25
43 25
44 25
45 25
46 25
47 25
48 25
49 25
50 25
54 25
55 25
56 25
99 25
103 25
104 25
105 25
106 25
107 25
108 25
18 26
19 26
20 26
21 26
22 26
23 26
24 26
25 26
26 26
27 26
28 26
29 26
30 26
31 26
32 26
34 26
36 26
37 26
38 26
39 26
40 26
41 26
42 26
43 26
44 26
45 26
46 26
47 26
48 26
49 26
50 26
54 26
55 26
56 26
76 26
99 26
103 26
104 26
107 26
108 26
18 27
19 27
20 27
21 27
22 27
23 27
24 27
25 27
26 27
27 27
28 27
29 27
30 27
31 27
32 27
34 27
36 27
37 27
38 27
39 27
40 27
41 27
42 27
43 27
44 27
45 27
46 27
47 27
48 27
49 27
50 27
54 27
55 27
56 27
77 27
99 27
103 27
104 27
107 27
13 28
17 28
18 28
19 28
20 28
22 28
23 28
24 28
25 28
26 28
27 28
28 28
29 28
30 28
31 28
32 28
34 28
36 28
37 28
38 28
39 28
40 28
41 28
42 28
43 28
44 28
45 28
46 28
47 28
48 28
49 28
50 28
54 28
55 28
56 28
78 28
99 28
103 28
104 28
107 28
108 28
18 29
19 29
20 29
22 29
23 29
24 29
25 29
26 29
27 29
28 29
29 29
30 29
31 29
32 29
34 29
36 29
37 29
40 29
41 29
42 29
43 29
44 29
45 29
46 29
47 29
48 29
49 29
50 29
54 29
55 29
56 29
79 29
99 29
103 29
104 29
107 29
108 29
15 30
16 30
18 30
19 30
20 30
22 30
24 30
25 30
26 30
27 30
28 30
29 30
30 30
31 30
32 30
34 30
37 30
39 30
40 30
41 30
42 30
43 30
44 30
45 30
46 30
47 30
48 30
49 30
50 30
54 30
55 30
80 30
99 30
103 30
104 30
107 30
108 30
18 31
19 31
20 31
22 31
23 31
24 31
25 31
26 31
27 31
28 31
29 31
30 31
31 31
32 31
34 31
36 31
37 31
38 31
39 31
40 31
41 31
42 31
43 31
44 31
45 31
46 31
47 31
48 31
49 31
50 31
54 31
55 31
56 31
81 31
99 31
103 31
104 31
107 31
108 31
12 32
13 32
14 32
15 32
16 32
18 32
19 32
20 32
22 32
23 32
24 32
25 32
26 32
27 32
29 32
30 32
31 32
32 32
34 32
35 32
36 32
37 32
39 32
40 32
41 32
42 32
43 32
44 32
45 32
46 32
47 32
48 32
49 32
50 32
54 32
55 32
56 32
82 32
99 32
103 32
104 32
105 32
106 32
107 32
108 32
18 33
19 33
22 33
23 33
24 33
26 33
27 33
29 33
30 33
31 33
32 33
33 33
34 33
36 33
37 33
40 33
41 33
42 33
43 33
45 33
46 33
47 33
48 33
49 33
50 33
54 33
55 33
56 33
83 33
99 33
103 33
104 33
105 33
106 33
107 33
108 33
15 34
16 34
18 34
19 34
20 34
22 34
23 34
24 34
25 34
26 34
27 34
28 34
29 34
30 34
31 34
32 34
34 34
36 34
37 34
39 34
40 34
41 34
42 34
43 34
44 34
45 34
46 34
47 34
48 34
49 34
50 34
54 34
55 34
56 34
84 34
99 34
103 34
18 35
19 35
20 35
22 35
24 35
25 35
26 35
27 35
29 35
30 35
31 35
32 35
34 35
35 35
36 35
37 35
40 35
41 35
42 35
43 35
44 35
45 35
46 35
47 35
48 35
49 35
50 35
54 35
55 35
56 35
85 35
99 35
103 35
107 35
108 35
13 36
18 36
19 36
20 36
22 36
23 36
24 36
25 36
26 36
27 36
28 36
29 36
30 36
31 36
32 36
34 36
35 36
36 36
37 36
39 36
40 36
41 36
42 36
43 36
44 36
45 36
46 36
47 36
48 36
49 36
50 36
54 36
55 36
56 36
86 36
99 36
103 36
106 36
107 36
108 36
12 37
13 37
14 37
15 37
17 37
18 37
19 37
20 37
22 37
24 37
25 37
26 37
27 37
28 37
29 37
30 37
31 37
32 37
34 37
36 37
37 37
38 37
39 37
40 37
41 37
42 37
43 37
44 37
45 37
46 37
47 37
48 37
49 37
50 37
54 37
55 37
56 37
87 37
99 37
103 37
104 37
107 37
12 38
13 38
14 38
15 38
17 38
18 38
19 38
20 38
22 38
24 38
25 38
26 38
27 38
28 38
29 38
30 38
31 38
32 38
34 38
35 38
36 38
37 38
38 38
39 38
40 38
41 38
42 38
43 38
44 38
45 38
46 38
47 38
48 38
49 38
50 38
54 38
55 38
56 38
88 38
99 38
103 38
104 38
107 38
12 39
13 39
14 39
15 39
18 39
20 39
24 39
25 39
26 39
27 39
28 39
29 39
30 39
31 39
32 39
33 39
34 39
36 39
37 39
38 39
39 39
40 39
41 39
42 39
43 39
44 39
45 39
46 39
47 39
48 39
49 39
50 39
54 39
55 39
56 39
89 39
99 39
103 39
104 39
107 39
12 40
13 40
14 40
15 40
16 40
17 40
18 40
19 40
20 40
22 40
23 40
24 40
25 40
26 40
27 40
28 40
29 40
30 40
31 40
32 40
34 40
36 40
37 40
38 40
39 40
40 40
41 40
42 40
43 40
44 40
45 40
46 40
47 40
48 40
49 40
50 40
54 40
55 40
56 40
90 40
99 40
103 40
104 40
107 40
12 41
13 41
14 41
15 41
17 41
18 41
19 41
20 41
22 41
23 41
24 41
25 41
26 41
27 41
28 41
29 41
30 41
31 41
32 41
34 41
36 41
37 41
38 41
39 41
40 41
41 41
42 41
43 41
44 41
45 41
46 41
47 41
48 41
49 41
50 41
54 41
55 41
56 41
91 41
99 41
103 41
104 41
107 41
12 42
13 42
14 42
15 42
16 42
17 42
18 42
19 42
20 42
22 42
24 42
25 42
26 42
27 42
28 42
29 42
30 42
31 42
32 42
34 42
36 42
37 42
38 42
39 42
40 42
41 42
42 42
43 42
44 42
45 42
46 42
47 42
48 42
49 42
50 42
54 42
55 42
56 42
92 42
99 42
103 42
104 42
107 42
18 43
19 43
20 43
22 43
23 43
24 43
25 43
26 43
27 43
28 43
29 43
30 43
31 43
32 43
34 43
36 43
37 43
38 43
39 43
40 43
41 43
42 43
43 43
44 43
45 43
46 43
47 43
48 43
49 43
50 43
54 43
55 43
56 43
93 43
99 43
103 43
12 44
13 44
18 44
19 44
20 44
22 44
23 44
24 44
25 44
26 44
27 44
28 44
29 44
30 44
31 44
32 44
34 44
36 44
37 44
38 44
39 44
40 44
41 44
42 44
43 44
44 44
45 44
46 44
47 44
48 44
49 44
50 44
54 44
55 44
56 44
94 44
99 44
103 44
18 45
19 45
20 45
22 45
23 45
24 45
25 45
26 45
27 45
28 45
29 45
30 45
31 45
32 45
34 45
35 45
36 45
37 45
40 45
41 45
42 45
43 45
44 45
45 45
46 45
47 45
48 45
49 45
50 45
54 45
55 45
99 45
103 45
18 46
19 46
22 46
24 46
25 46
26 46
27 46
28 46
29 46
30 46
31 46
32 46
34 46
35 46
36 46
37 46
38 46
40 46
41 46
42 46
43 46
44 46
45 46
46 46
47 46
48 46
49 46
50 46
54 46
55 46
99 46
18 47
19 47
22 47
23 47
24 47
25 47
26 47
27 47
28 47
29 47
30 47
31 47
32 47
34 47
35 47
36 47
37 47
38 47
39 47
40 47
41 47
42 47
43 47
44 47
45 47
46 47
47 47
48 47
49 47
50 47
54 47
55 47
99 47
18 48
19 48
20 48
22 48
23 48
24 48
25 48
26 48
27 48
29 48
30 48
31 48
32 48
34 48
36 48
37 48
38 48
39 48
40 48
41 48
42 48
43 48
44 48
45 48
46 48
47 48
48 48
49 48
50 48
54 48
55 48
99 48
18 49
19 49
22 49
24 49
25 49
26 49
29 49
30 49
31 49
32 49
34 49
36 49
37 49
40 49
41 49
42 49
43 49
44 49
45 49
46 49
47 49
48 49
49 49
50 49
54 49
55 49
99 49
18 50
19 50
22 50
24 50
25 50
26 50
27 50
28 50
29 50
30 50
31 50
32 50
34 50
35 50
36 50
37 50
38 50
39 50
40 50
41 50
42 50
43 50
44 50
45 50
46 50
47 50
48 50
49 50
50 50
54 50
55 50
99 50
3 51
28 51
37 51
38 51
39 51
40 51
41 51
42 51
43 51
44 51
47 51
48 51
50 51
51 51
3 52
46 52
47 52
48 52
50 52
52 52
1 53
2 53
8 53
9 53
10 53
11 53
17 53
18 53
19 53
20 53
21 53
22 53
23 53
24 53
25 53
26 53
27 53
28 53
29 53
31 53
32 53
33 53
34 53
35 53
36 53
37 53
38 53
39 53
40 53
41 53
42 53
43 53
44 53
53 53
51 54
54 54
52 55
55 55
53 56
56 56
5 57
57 57
5 58
6 58
8 58
58 58
73 58
5 59
6 59
9 59
59 59
73 59
5 60
6 60
10 60
60 60
73 60
5 61
6 61
11 61
61 61
5 62
6 62
21 62
62 62
73 62
5 63
6 63
12 63
63 63
75 63
5 64
6 64
13 64
64 64
5 65
6 65
14 65
65 65
75 65
5 66
6 66
15 66
66 66
75 66
5 67
6 67
16 67
67 67
75 67
5 68
6 68
17 68
68 68
5 69
6 69
18 69
69 69
74 69
5 70
6 70
19 70
70 70
5 71
6 71
20 71
71 71
5 72
6 72
22 72
72 72
75 72
5 73
6 73
23 73
73 73
5 74
6 74
24 74
74 74
5 75
6 75
25 75
75 75
5 76
6 76
26 76
76 76
5 77
6 77
27 77
77 77
5 78
6 78
28 78
78 78
5 79
6 79
29 79
79 79
5 80
6 80
30 80
80 80
5 81
6 81
31 81
81 81
5 82
6 82
32 82
82 82
5 83
6 83
33 83
83 83
5 84
6 84
34 84
84 84
5 85
6 85
35 85
85 85
5 86
6 86
36 86
86 86
5 87
6 87
37 87
87 87
5 88
6 88
38 88
88 88
5 89
6 89
39 89
89 89
5 90
6 90
40 90
90 90
5 91
6 91
41 91
91 91
5 92
6 92
42 92
92 92
5 93
6 93
43 93
93 93
5 94
6 94
44 94
94 94
5 95
6 95
50 95
95 95
5 96
6 96
48 96
96 96
2 97
5 97
97 97
2 98
5 98
57 98
98 98
99 99
100 100
101 101
102 102
110 102
103 103
111 103
104 104
112 104
105 105
113 105
106 106
114 106
107 107
115 107
108 108
116 108
109 109
117 109
110 110
111 111
112 112
113 113
114 114
115 115
116 116
117 117
118 118
119 119
1 120
18 120
24 120
26 120
28 120
30 120
31 120
32 120
34 120
37 120
40 120
45 120
50 120
54 120
55 120
99 120
107 120
115 120
120 120
121 120
193 120
194 120
195 120
196 120
197 120
1 121
18 121
24 121
26 121
28 121
30 121
31 121
32 121
34 121
37 121
40 121
45 121
50 121
54 121
55 121
99 121
107 121
115 121
121 121
193 121
194 121
195 121
196 121
197 121
122 122
132 123
123 124
124 125
125 126
126 127
127 128
128 129
129 130
130 131
131 132
133 133
134 134
5 135
7 135
8 135
135 135
150 135
5 136
7 136
9 136
136 136
150 136
5 137
7 137
10 137
137 137
150 137
5 138
7 138
11 138
138 138
5 139
7 139
21 139
139 139
150 139
5 140
7 140
12 140
140 140
152 140
5 141
7 141
13 141
141 141
5 142
7 142
14 142
142 142
152 142
5 143
7 143
15 143
143 143
152 143
5 144
7 144
16 144
144 144
152 144
5 145
7 145
17 145
145 145
5 146
7 146
18 146
146 146
151 146
5 147
7 147
19 147
147 147
5 148
7 148
20 148
148 148
5 149
7 149
22 149
149 149
152 149
5 150
7 150
23 150
150 150
5 151
7 151
24 151
151 151
5 152
7 152
25 152
152 152
5 153
7 153
26 153
153 153
5 154
7 154
27 154
154 154
5 155
7 155
28 155
155 155
5 156
7 156
29 156
156 156
5 157
7 157
30 157
157 157
5 158
7 158
31 158
158 158
5 159
7 159
32 159
159 159
5 160
7 160
33 160
160 160
5 161
7 161
34 161
161 161
5 162
7 162
35 162
162 162
5 163
7 163
36 163
163 163
5 164
7 164
37 164
164 164
5 165
7 165
38 165
165 165
5 166
7 166
39 166
166 166
5 167
7 167
40 167
167 167
5 168
7 168
41 168
168 168
5 169
7 169
42 169
169 169
5 170
7 170
43 170
170 170
5 171
7 171
44 171
171 171
5 172
7 172
50 172
172 172
5 173
7 173
48 173
173 173
2 174
5 174
174 174
2 175
5 175
57 175
175 175
1 176
2 176
4 176
95 176
96 176
97 176
186 176
8 177
9 177
10 177
11 177
18 177
19 177
20 177
21 177
23 177
24 177
26 177
27 177
28 177
29 177
30 177
31 177
32 177
33 177
34 177
36 177
37 177
38 177
40 177
41 177
42 177
43 177
44 177
45 177
47 177
48 177
49 177
50 177
55 177
100 177
101 177
1 178
54 178
55 178
99 178
104 178
109 178
8 179
18 179
19 179
23 179
24 179
26 179
29 179
30 179
31 179
32 179
33 179
34 179
36 179
37 179
38 179
40 179
41 179
42 179
43 179
44 179
45 179
47 179
48 179
49 179
50 179
54 179
55 179
99 179
8 180
5 181
6 181
8 181
73 181
5 182
7 182
8 182
150 182
8 183
10 183
12 184
18 184
19 184
20 184
22 184
24 184
25 184
26 184
27 184
29 184
30 184
31 184
32 184
34 184
35 184
36 184
37 184
38 184
40 184
41 184
42 184
43 184
44 184
45 184
46 184
49 184
50 184
54 184
55 184
99 184
123 184
13 185
18 185
19 185
20 185
22 185
24 185
25 185
27 185
29 185
30 185
31 185
32 185
34 185
35 185
36 185
37 185
38 185
40 185
41 185
42 185
43 185
44 185
45 185
46 185
49 185
50 185
54 185
55 185
99 185
124 185
14 186
18 186
19 186
20 186
22 186
24 186
25 186
26 186
27 186
29 186
30 186
31 186
32 186
34 186
35 186
36 186
37 186
38 186
40 186
41 186
42 186
43 186
44 186
45 186
46 186
49 186
50 186
54 186
55 186
99 186
125 186
15 187
18 187
19 187
20 187
22 187
24 187
25 187
27 187
29 187
30 187
31 187
32 187
34 187
35 187
36 187
37 187
38 187
40 187
41 187
42 187
43 187
44 187
45 187
46 187
49 187
50 187
54 187
55 187
99 187
126 187
16 188
18 188
19 188
20 188
22 188
24 188
25 188
27 188
29 188
30 188
31 188
32 188
34 188
35 188
36 188
37 188
38 188
40 188
41 188
42 188
43 188
44 188
45 188
46 188
49 188
50 188
54 188
55 188
99 188
127 188
17 189
18 189
19 189
20 189
22 189
24 189
25 189
26 189
27 189
29 189
30 189
31 189
32 189
34 189
35 189
36 189
37 189
38 189
40 189
41 189
42 189
43 189
44 189
45 189
46 189
49 189
50 189
54 189
55 189
56 189
99 189
128 189
69 190
70 191
18 192
19 192
20 192
22 192
24 192
25 192
26 192
27 192
29 192
30 192
31 192
32 192
34 192
36 192
37 192
38 192
40 192
41 192
42 192
44 192
45 192
46 192
47 192
49 192
50 192
54 192
55 192
56 192
99 192
131 192
1 193
18 193
24 193
26 193
28 193
30 193
31 193
32 193
34 193
37 193
40 193
45 193
50 193
54 193
55 193
99 193
103 193
111 193
118 193
193 193
194 193
195 193
196 193
197 193
1 194
18 194
24 194
26 194
28 194
30 194
31 194
32 194
34 194
37 194
40 194
45 194
50 194
54 194
55 194
99 194
107 194
115 194
119 194
120 194
193 194
194 194
195 194
196 194
197 194
120 195
121 196
1 197
18 197
24 197
28 197
30 197
31 197
32 197
34 197
37 197
45 197
50 197
54 197
55 197
99 197
109 197
122 197
194 197
3 198
35 198
40 198
41 198
54 198
55 198
99 198
3 199
18 199
24 199
54 199
55 199
99 199
123 200
124 201
125 202
126 203
127 204
128 205
129 206
130 207
131 208
123 209
124 210
125 211
126 212
127 213
128 214
129 215
130 216
131 217
51 218
52 219
53 220
57 221
57 222
5 223
58 224
59 224
60 224
61 224
62 224
76 224
77 224
78 224
79 224
80 224
81 224
82 224
83 224
84 224
85 224
86 224
87 224
88 224
89 224
90 224
91 224
92 224
93 224
94 224
135 225
136 225
137 225
138 225
139 225
153 225
154 225
155 225
156 225
157 225
158 225
159 225
160 225
161 225
162 225
163 225
164 225
165 225
166 225
167 225
168 225
169 225
170 225
171 225
74 226
75 226
151 226
152 226
74 227
5 229
7 229
176 229
187 229
5 230
7 230
177 230
188 230
5 231
7 231
178 231
189 231
5 232
7 232
179 232
192 232
5 233
7 233
180 233
193 233
5 234
7 234
181 234
194 234
5 235
7 235
182 235
195 235
5 236
7 236
183 236
196 236
5 237
7 237
184 237
197 237
5 238
185 238
1 239
8 239
9 239
10 239
11 239
18 239
20 239
21 239
23 239
24 239
25 239
26 239
27 239
28 239
29 239
30 239
31 239
32 239
33 239
34 239
36 239
37 239
39 239
40 239
41 239
42 239
43 239
44 239
45 239
46 239
47 239
48 239
49 239
50 239
99 239
186 239
187 239
188 239
189 239
190 239
191 239
192 239
193 239
194 239
195 239
196 239
197 239
198 239
199 239
200 239
201 239
202 239
203 239
204 239
205 239
206 239
12 240
13 240
14 240
15 240
18 240
20 240
24 240
25 240
26 240
27 240
28 240
29 240
30 240
31 240
32 240
33 240
34 240
36 240
37 240
38 240
40 240
41 240
42 240
43 240
44 240
45 240
46 240
47 240
48 240
49 240
50 240
54 240
55 240
99 240
103 240
104 240
107 240
187 240
189 240
192 240
193 240
194 240
195 240
197 240
12 241
13 241
14 241
15 241
17 241
18 241
20 241
24 241
25 241
26 241
27 241
28 241
29 241
30 241
31 241
32 241
34 241
36 241
37 241
38 241
39 241
40 241
41 241
42 241
43 241
44 241
45 241
46 241
47 241
48 241
49 241
50 241
54 241
55 241
99 241
103 241
104 241
107 241
188 241
189 241
192 241
12 242
13 242
14 242
15 242
16 242
17 242
18 242
20 242
24 242
25 242
26 242
27 242
28 242
29 242
30 242
31 242
32 242
34 242
36 242
37 242
39 242
40 242
41 242
42 242
43 242
44 242
45 242
46 242
47 242
48 242
49 242
50 242
54 242
55 242
99 242
103 242
104 242
107 242
189 242
192 242
193 242
195 242
197 242
8 243
9 243
10 243
11 243
18 243
21 243
22 243
23 243
24 243
25 243
26 243
27 243
28 243
29 243
30 243
31 243
32 243
33 243
34 243
35 243
36 243
37 243
40 243
41 243
42 243
43 243
44 243
45 243
46 243
47 243
48 243
49 243
50 243
54 243
55 243
99 243
189 243
190 243
196 243
8 244
9 244
10 244
11 244
18 244
21 244
22 244
23 244
24 244
25 244
26 244
27 244
28 244
29 244
30 244
31 244
32 244
34 244
35 244
36 244
37 244
40 244
41 244
42 244
43 244
44 244
45 244
46 244
47 244
48 244
49 244
50 244
54 244
55 244
99 244
189 244
191 244
8 245
9 245
10 245
11 245
12 245
13 245
14 245
15 245
18 245
20 245
21 245
23 245
24 245
25 245
26 245
28 245
29 245
30 245
31 245
32 245
34 245
36 245
37 245
39 245
40 245
41 245
42 245
43 245
44 245
45 245
46 245
47 245
48 245
49 245
50 245
54 245
55 245
99 245
103 245
104 245
107 245
189 245
192 245
195 245
197 245
8 246
9 246
10 246
11 246
12 246
13 246
14 246
15 246
16 246
17 246
18 246
20 246
21 246
22 246
23 246
24 246
25 246
26 246
27 246
29 246
30 246
31 246
32 246
34 246
36 246
37 246
39 246
40 246
41 246
42 246
43 246
44 246
45 246
46 246
47 246
48 246
49 246
50 246
54 246
55 246
99 246
103 246
104 246
107 246
189 246
193 246
194 246
8 247
9 247
10 247
11 247
12 247
13 247
14 247
15 247
17 247
18 247
20 247
21 247
23 247
24 247
25 247
26 247
27 247
29 247
30 247
31 247
32 247
36 247
37 247
39 247
40 247
41 247
42 247
43 247
45 247
46 247
47 247
48 247
49 247
50 247
54 247
55 247
99 247
103 247
104 247
107 247
189 247
193 247
194 247
8 248
9 248
10 248
11 248
12 248
13 248
14 248
15 248
16 248
17 248
18 248
20 248
21 248
23 248
24 248
25 248
27 248
29 248
30 248
31 248
32 248
34 248
36 248
37 248
40 248
41 248
42 248
44 248
45 248
46 248
47 248
48 248
49 248
50 248
54 248
55 248
99 248
103 248
104 248
107 248
195 248
8 249
9 249
10 249
11 249
12 249
13 249
14 249
15 249
16 249
17 249
18 249
20 249
21 249
22 249
23 249
24 249
25 249
26 249
27 249
29 249
30 249
31 249
32 249
34 249
36 249
37 249
40 249
41 249
42 249
45 249
46 249
47 249
48 249
49 249
50 249
54 249
55 249
99 249
103 249
104 249
107 249
195 249
196 249
8 250
9 250
10 250
11 250
12 250
13 250
14 250
15 250
16 250
17 250
18 250
20 250
21 250
22 250
23 250
24 250
25 250
26 250
27 250
28 250
29 250
30 250
31 250
32 250
34 250
36 250
37 250
39 250
40 250
41 250
42 250
43 250
44 250
45 250
46 250
47 250
48 250
49 250
50 250
54 250
55 250
99 250
103 250
104 250
107 250
189 250
193 250
195 250
197 250
5 251
6 251
187 251
198 251
5 252
6 252
188 252
199 252
5 253
6 253
189 253
200 253
5 254
6 254
192 254
201 254
5 255
6 255
193 255
202 255
5 256
6 256
194 256
203 256
5 257
6 257
195 257
204 257
5 258
6 258
196 258
205 258
5 259
6 259
197 259
206 259
5 260
207 260
