1 1
4 1
5 1
10 1
2 2
3 2
7 2
161 2
3 3
6 3
9 3
4 4
12 4
185 4
5 5
6 6
7 7
10 7
217 7
8 8
9 8
217 8
229 8
9 9
10 10
11 10
11 11
186 11
12 12
13 12
17 12
53 12
176 12
13 13
15 13
176 13
14 14
17 14
19 14
160 14
15 15
22 15
16 16
162 16
178 16
17 17
18 17
19 17
18 18
19 18
19 19
53 19
55 19
20 20
22 20
124 20
178 20
21 21
22 21
23 21
137 21
178 21
22 22
23 23
125 23
24 24
48 24
50 24
51 24
25 25
27 25
28 25
163 25
26 26
43 26
189 26
208 26
27 27
43 27
182 27
28 28
43 28
182 28
189 28
29 29
30 29
46 29
30 30
31 30
32 30
189 30
31 31
35 31
32 32
52 32
33 33
35 33
47 33
183 33
34 34
46 34
47 34
35 35
36 36
38 36
175 36
37 37
38 37
211 37
38 38
40 38
58 38
39 39
40 39
40 40
41 40
541 40
41 41
42 42
173 42
43 43
46 43
189 43
44 44
45 44
47 44
49 44
51 44
45 45
46 45
47 45
52 45
182 45
46 46
157 46
47 47
48 48
49 48
50 48
49 49
50 49
182 49
50 50
51 51
52 52
53 53
54 53
54 54
55 54
185 54
55 55
56 56
60 56
61 56
189 56
57 57
61 57
190 57
58 58
59 58
59 59
61 59
60 60
211 60
61 61
62 62
64 62
67 62
63 63
64 63
65 63
66 63
64 64
65 64
67 64
184 64
65 65
66 66
616 66
67 67
68 68
88 68
90 68
94 68
69 69
70 69
71 69
74 69
91 69
103 69
70 70
93 70
98 70
126 70
129 70
143 70
171 70
207 70
71 71
91 71
96 71
97 71
106 71
72 72
75 72
107 72
152 72
73 73
81 73
83 73
89 73
74 74
78 74
80 74
75 75
103 75
107 75
123 75
127 75
76 76
101 76
131 76
153 76
77 77
95 77
117 77
132 77
158 77
78 78
85 78
96 78
97 78
106 78
79 79
81 79
84 79
88 79
117 79
151 79
80 80
82 80
85 80
97 80
101 80
81 81
83 81
148 81
151 81
82 82
96 82
101 82
83 83
103 83
127 83
149 83
84 84
86 84
99 84
104 84
148 84
85 85
97 85
106 85
146 85
86 86
87 86
88 86
87 87
99 87
102 87
105 87
110 87
111 87
148 87
149 87
88 88
95 88
102 88
89 89
92 89
96 89
90 90
131 90
158 90
159 90
91 91
144 91
92 92
117 92
146 92
93 93
98 93
177 93
193 93
94 94
131 94
154 94
95 95
104 95
105 95
117 95
151 95
159 95
96 96
146 96
97 97
98 97
106 97
98 98
128 98
129 98
99 99
100 99
102 99
105 99
100 100
118 100
134 100
142 100
147 100
101 101
102 102
110 102
111 102
136 102
103 103
144 103
152 103
104 104
151 104
105 105
132 105
106 106
107 107
108 107
115 107
123 107
108 108
114 108
115 108
121 108
123 108
124 108
109 109
111 109
115 109
116 109
123 109
110 110
111 110
113 110
136 110
140 110
111 111
112 111
113 111
116 111
120 111
138 111
140 111
141 111
112 112
113 112
134 112
136 112
113 113
116 113
122 113
133 113
134 113
135 113
138 113
140 113
114 114
115 114
122 114
135 114
139 114
115 115
116 115
119 115
121 115
123 115
124 115
116 116
123 116
138 116
140 116
117 117
118 117
132 117
118 118
145 118
150 118
155 118
119 119
120 119
123 119
125 119
126 119
137 119
141 119
143 119
120 120
150 120
121 121
125 121
122 122
135 122
139 122
140 122
123 123
124 124
125 125
126 126
127 126
127 127
152 127
128 128
129 128
153 128
129 129
145 129
147 129
130 130
131 130
153 130
155 130
131 131
154 131
132 132
133 133
134 133
138 133
134 134
140 134
135 135
138 135
139 135
136 136
137 137
138 138
140 138
139 139
140 139
140 140
141 141
142 142
150 142
143 143
144 143
144 144
145 145
146 145
146 146
147 147
148 147
148 148
149 148
149 149
150 150
151 150
151 151
152 152
153 153
154 154
155 155
156 155
156 156
158 156
159 156
157 157
158 158
159 159
160 160
185 160
161 161
205 161
162 162
188 162
163 163
164 163
165 163
188 163
203 163
164 164
165 165
201 165
166 166
167 166
219 166
167 167
194 167
195 167
168 168
178 168
183 168
169 169
170 169
171 169
172 169
216 169
170 170
189 170
211 170
171 171
184 171
193 171
210 171
172 172
173 172
174 172
184 172
193 172
628 172
631 172
173 173
174 173
175 173
190 173
174 174
175 175
190 175
667 175
176 176
177 177
193 177
178 178
179 179
180 179
208 179
180 180
184 180
192 180
212 180
626 180
181 181
188 181
215 181
182 182
204 182
183 183
215 183
184 184
185 185
188 185
206 185
186 186
205 186
213 186
187 187
194 187
188 188
191 188
189 189
190 190
518 190
191 191
205 191
206 191
192 192
193 192
193 193
210 193
214 193
194 194
196 194
195 195
203 195
196 196
197 196
198 196
685 196
197 197
290 197
198 198
199 198
200 198
199 199
421 199
200 200
201 200
204 200
201 201
202 202
203 202
209 202
213 202
203 203
204 204
205 205
212 205
206 206
207 207
214 207
215 207
216 207
208 208
209 209
210 210
211 211
212 212
213 212
215 212
213 213
214 214
215 215
216 216
217 217
218 217
268 217
218 218
219 218
220 218
237 218
671 218
672 218
219 219
672 219
220 220
267 220
670 220
671 220
221 221
233 221
235 221
236 221
222 222
256 222
223 223
224 223
226 223
265 223
673 223
224 224
225 224
225 225
229 225
265 225
266 225
673 225
226 226
227 226
228 226
230 226
673 226
227 227
231 227
232 227
233 227
228 228
236 228
266 228
229 229
256 229
265 229
266 229
268 229
230 230
231 230
232 230
234 230
235 230
236 230
256 230
265 230
231 231
232 232
233 233
234 233
234 234
235 235
236 236
253 236
237 237
238 237
252 237
269 237
238 238
239 238
240 238
253 238
261 238
239 239
240 239
241 239
242 239
253 239
261 239
675 239
240 240
241 240
261 240
262 240
675 240
241 241
243 241
253 241
259 241
262 241
675 241
677 241
242 242
264 242
674 242
243 243
246 243
255 243
679 243
680 243
244 244
245 244
676 244
678 244
245 245
261 245
676 245
677 245
678 245
246 246
247 246
254 246
255 246
676 246
679 246
680 246
247 247
248 247
255 247
259 247
680 247
681 247
248 248
254 248
249 249
259 249
684 249
250 250
251 250
255 250
251 251
255 251
252 252
256 252
260 252
253 253
268 253
677 253
254 254
258 254
269 254
255 255
679 255
680 255
683 255
256 256
257 257
258 257
258 258
259 258
259 259
684 259
260 260
263 260
268 260
669 260
261 261
262 261
262 262
264 262
675 262
677 262
263 263
264 263
264 264
265 265
266 265
266 266
267 267
268 268
269 269
270 270
271 270
273 270
276 270
277 270
278 270
280 270
283 270
287 270
297 270
271 271
275 271
277 271
280 271
272 272
274 272
273 273
274 273
277 273
278 273
280 273
274 274
277 274
278 274
275 275
277 275
278 275
276 276
280 276
281 276
283 276
284 276
277 277
278 277
280 277
278 278
279 278
287 278
297 278
279 279
290 279
280 280
281 281
282 281
283 281
284 281
289 281
290 281
295 281
282 282
296 282
301 282
310 282
311 282
312 282
283 283
289 283
290 283
295 283
297 283
284 284
285 285
286 285
288 285
289 285
291 285
293 285
295 285
296 285
297 285
298 285
286 286
295 286
297 286
298 286
315 286
287 287
293 287
295 287
297 287
288 288
291 288
293 288
298 288
307 288
289 289
290 289
293 289
295 289
297 289
298 289
290 290
292 290
295 290
309 290
291 291
292 291
294 291
298 291
315 291
292 292
309 292
293 293
294 293
294 294
295 295
296 295
297 295
298 295
311 295
296 296
301 296
310 296
311 296
312 296
297 297
298 297
298 298
299 299
300 299
303 299
305 299
314 299
300 300
305 300
306 300
308 300
301 301
310 301
311 301
312 301
302 302
313 302
303 303
305 303
304 304
308 304
313 304
305 305
306 305
312 305
306 306
308 306
312 306
313 306
307 307
310 307
308 308
309 308
309 309
310 310
311 310
312 310
315 310
311 311
312 311
312 312
313 312
313 313
314 314
315 315
316 316
408 316
317 317
318 317
324 317
339 317
343 317
344 317
357 317
363 317
373 317
431 317
435 317
441 317
446 317
318 318
435 318
446 318
319 319
320 319
360 319
363 319
364 319
320 320
321 320
322 320
321 321
322 321
323 321
324 321
427 321
438 321
442 321
322 322
323 323
437 323
438 323
440 323
442 323
446 323
324 324
427 324
442 324
446 324
325 325
339 325
427 325
445 325
446 325
326 326
328 326
339 326
445 326
327 327
328 327
409 327
328 328
330 328
409 328
430 328
436 328
329 329
336 329
424 329
430 329
330 330
331 330
336 330
331 331
336 331
424 331
436 331
332 332
333 332
347 332
333 333
334 333
335 333
336 333
424 333
334 334
336 334
335 335
336 335
424 335
336 336
337 336
338 336
344 336
337 337
338 337
345 337
349 337
338 338
345 338
339 339
340 339
341 339
340 340
341 340
427 340
341 341
342 341
357 341
360 341
362 341
428 341
441 341
342 342
347 342
343 343
344 343
345 343
357 343
431 343
441 343
344 344
345 344
373 344
345 345
346 345
354 345
375 345
346 346
348 346
347 347
352 347
443 347
348 348
349 348
349 349
353 349
354 349
433 349
434 349
443 349
350 350
351 350
368 350
381 350
382 350
433 350
434 350
351 351
353 351
352 352
353 352
376 352
353 353
381 353
354 354
375 354
355 355
356 355
366 355
367 355
370 355
373 355
429 355
431 355
356 356
358 356
357 357
358 357
360 357
429 357
441 357
358 358
360 358
429 358
359 359
360 359
361 359
363 359
366 359
429 359
360 360
441 360
361 361
363 361
362 362
363 363
364 363
364 364
365 364
365 365
399 365
366 366
367 366
402 366
429 366
367 367
369 367
402 367
404 367
429 367
368 368
369 369
372 369
370 370
372 370
371 371
372 371
431 371
372 372
398 372
404 372
373 373
375 373
431 373
374 374
378 374
375 375
377 375
398 375
411 375
376 376
378 376
392 376
448 376
377 377
380 377
381 377
384 377
385 377
390 377
447 377
378 378
379 378
388 378
390 378
447 378
379 379
387 379
380 380
381 380
381 381
383 381
382 382
383 382
383 383
384 383
384 384
385 385
390 385
447 385
386 386
388 386
387 387
388 387
393 387
447 387
388 388
389 388
393 388
389 389
390 389
393 389
390 390
391 390
391 391
394 391
392 392
393 392
406 392
393 393
394 393
395 393
398 393
403 393
404 393
411 393
431 393
394 394
395 394
396 394
395 395
398 395
404 395
411 395
396 396
397 396
397 397
410 397
398 398
403 398
404 398
411 398
399 399
401 399
402 399
400 400
401 400
403 400
401 401
408 401
402 402
429 402
403 403
404 403
407 403
411 403
404 404
411 404
429 404
405 405
407 405
408 405
406 406
407 406
421 406
428 406
407 407
410 407
412 407
413 407
408 408
416 408
409 409
410 410
411 410
414 410
417 410
411 411
412 412
413 412
413 413
414 413
417 413
414 414
415 414
417 414
415 415
416 415
417 415
425 415
416 416
417 416
417 417
418 417
419 417
418 418
422 418
419 419
420 419
422 419
420 420
423 420
421 421
422 421
422 422
423 423
424 424
430 424
425 425
426 426
427 426
524 426
427 427
442 427
428 428
429 428
429 429
430 430
431 431
432 432
444 432
446 432
433 433
434 434
435 435
444 435
446 435
436 436
437 437
438 437
438 438
504 438
439 439
440 439
456 439
440 440
456 440
441 441
442 442
443 443
444 444
445 444
446 444
445 445
446 446
447 447
448 447
448 448
449 449
463 449
465 449
502 449
450 450
466 450
467 450
482 450
451 451
457 451
460 451
668 451
452 452
453 452
454 452
455 452
534 452
453 453
454 453
486 453
512 453
533 453
454 454
471 454
475 454
455 455
462 455
535 455
456 456
466 456
484 456
504 456
457 457
461 457
458 458
466 458
467 458
542 458
459 459
460 459
479 459
668 459
460 460
461 460
462 460
518 460
461 461
465 461
477 461
542 461
462 462
463 462
465 462
463 463
557 463
464 464
473 464
479 464
665 464
465 465
477 465
518 465
466 466
467 467
472 467
477 467
484 467
543 467
468 468
476 468
481 468
501 468
469 469
474 469
665 469
667 469
470 470
478 470
485 470
546 470
597 470
598 470
471 471
475 471
547 471
472 472
477 472
482 472
489 472
523 472
473 473
478 473
483 473
666 473
474 474
479 474
525 474
666 474
475 475
597 475
476 476
481 476
488 476
477 477
531 477
478 478
577 478
597 478
479 479
480 479
480 480
525 480
667 480
481 481
489 481
523 481
526 481
482 482
489 482
519 482
523 482
483 483
485 483
484 484
519 484
485 485
545 485
546 485
486 486
487 486
495 486
497 486
499 486
500 486
501 486
512 486
487 487
502 487
521 487
538 487
488 488
489 488
499 488
489 489
491 489
492 489
503 489
508 489
519 489
523 489
536 489
490 490
514 490
521 490
527 490
529 490
491 491
502 491
522 491
492 492
498 492
503 492
508 492
520 492
536 492
540 492
493 493
506 493
509 493
515 493
494 494
511 494
495 495
517 495
544 495
496 496
497 496
509 496
520 496
497 497
498 497
500 497
521 497
498 498
520 498
540 498
499 499
500 499
500 500
501 501
502 501
502 502
526 502
503 503
540 503
504 504
505 504
505 505
508 505
506 506
508 506
507 507
508 507
508 508
536 508
509 509
529 509
510 510
515 510
517 510
511 511
512 511
517 511
528 511
512 512
513 513
515 513
544 513
514 514
516 514
532 514
538 514
515 515
516 515
516 516
517 517
544 517
518 518
531 518
519 519
520 520
527 520
521 521
522 522
523 522
526 522
531 522
523 523
524 524
537 524
543 524
525 525
558 525
526 526
527 527
529 527
530 527
528 528
529 529
530 530
536 530
531 531
543 531
532 532
533 532
533 533
534 533
534 534
535 534
535 535
557 535
536 536
537 536
537 537
538 538
544 538
539 539
577 539
598 539
540 540
541 541
542 541
542 542
543 543
544 544
545 545
546 545
547 545
548 545
549 545
546 546
547 547
548 548
597 548
549 549
597 549
550 550
551 550
555 550
563 550
612 550
636 550
643 550
654 550
551 551
653 551
552 552
553 552
554 552
579 552
630 552
641 552
553 553
583 553
584 553
591 553
605 553
649 553
650 553
554 554
578 554
591 554
607 554
612 554
617 554
623 554
634 554
658 554
555 555
614 555
627 555
556 556
558 556
612 556
627 556
632 556
635 556
557 557
558 557
639 557
558 558
559 559
561 559
577 559
601 559
617 559
560 560
562 560
577 560
578 560
600 560
561 561
566 561
567 561
579 561
562 562
563 562
565 562
577 562
603 562
563 563
564 563
648 563
564 564
565 564
570 564
613 564
614 564
565 565
570 565
624 565
643 565
566 566
568 566
569 566
625 566
642 566
567 567
569 567
576 567
645 567
568 568
570 568
569 569
570 569
613 569
614 569
570 570
571 570
640 570
663 570
571 571
593 571
652 571
572 572
573 572
593 572
660 572
573 573
616 573
647 573
648 573
574 574
601 574
618 574
637 574
575 575
577 575
600 575
601 575
576 576
618 576
659 576
577 577
578 578
590 578
595 578
579 579
605 579
625 579
580 580
581 580
583 580
581 581
582 581
586 581
611 581
619 581
582 582
583 582
649 582
583 583
603 583
606 583
584 584
606 584
622 584
585 585
619 585
622 585
646 585
586 586
587 586
661 586
587 587
589 587
606 587
588 588
589 588
644 588
646 588
589 589
590 589
592 589
609 589
590 590
617 590
623 590
658 590
591 591
603 591
629 591
653 591
592 592
594 592
595 592
608 592
593 593
652 593
594 594
595 594
596 594
602 594
595 595
596 596
597 596
602 596
607 596
597 597
602 597
598 598
599 599
604 599
611 599
619 599
646 599
651 599
600 600
647 600
601 601
602 602
603 603
624 603
604 604
605 604
650 604
605 605
644 605
651 605
606 606
607 607
608 607
621 607
655 607
608 608
609 608
609 609
610 609
623 609
658 609
610 610
622 610
662 610
611 611
649 611
661 611
612 612
645 612
664 612
613 613
614 613
645 613
614 614
615 615
616 615
636 615
648 615
616 616
618 616
620 616
637 616
659 616
617 617
618 618
652 618
619 619
650 619
620 620
652 620
621 621
655 621
622 622
661 622
623 623
624 624
625 624
629 624
625 625
630 625
626 626
627 626
633 626
627 627
636 627
628 628
637 628
654 628
629 629
630 629
630 630
631 631
645 631
632 632
638 632
639 632
666 632
633 633
634 633
656 633
634 634
635 635
636 636
637 637
647 637
638 638
657 638
664 638
639 639
640 640
645 640
641 641
642 641
645 641
642 642
643 643
644 644
662 644
645 645
659 645
664 645
646 646
647 647
648 648
649 649
650 650
651 651
652 652
653 653
663 653
664 653
654 654
655 655
656 656
657 656
657 657
658 658
659 659
660 660
661 661
662 662
663 663
664 664
665 665
666 666
667 667
668 668
669 669
670 669
670 670
671 671
672 671
672 672
673 673
674 674
675 674
675 675
676 676
678 676
677 677
678 678
679 678
679 679
680 679
680 680
681 681
682 681
682 682
683 682
683 683
684 684
685 685
