1.5457554474996869
1.5776827504960238
1.497645025505335
1.5989123184990603
1.6151166765048401
1.5377570259952336
1.665133214002708
1.6229096015013056
1.6597108075002325
1.5387714120006422
1.535522365993529
1.5311044935006066
1.5769554610014893
1.6912275940048858
1.5708443420007825
1.6448465784997097
1.6556455969985109
1.6601131564966636
1.7418746144976467
1.6068805565009825
1.630944055999862
1.7125669594970532
1.67133464149083
1.617246019493905
1.6278034025017405
1.6530500340013532
1.5999065215000883
1.60122944250179
1.7113878564996412
1.539992745994823
1.5993969815026503
1.727348101499956
1.7412117829953786
1.7770032889966387
1.6406777150114067
1.537943302988424
1.7185078649927163
1.6770544350001728
1.6337671334913466
1.745640002496657
