0.060877135998453014
0.07153317600023001
0.06426550049945945
0.06105860749812564
0.06265914800314931
0.06550034300016705
0.0669523665055749
0.06423987550078891
0.06779817849746905
0.06254316400008975
0.06667697549710283
0.05801618749683257
0.058406084004673176
0.0652177810043213
0.058329625499027316
0.061913932004245
0.06260123399988515
0.07166623899684055
0.061497197501012124
0.05997694050165592
0.07111297600204125
0.0641028604877647
0.057185697500244714
0.06013309399713762
0.06675679699401371
0.06528326700208709
0.06393561098957434
0.06042544399679173
0.06596293150505517
0.05745907800155692
0.06568990499363281
0.06213733849290293
0.06553269749565516
0.06631806850782596
0.06195417851267848
0.06186704650463071
0.06468652001058217
0.06508875350118615
0.0668726565054385
0.06105602500610985
