5.643795907497406
5.437707817502087
5.903544395499921
5.607193980496959
5.877875825499359
5.709206224499212
6.075119403496501
5.8606110855034785
5.616720573503699
5.615340867996565
5.871666097998968
6.004588810996211
5.989032611003495
6.028467253498093
5.88406492699869
5.674836576501548
5.653343558995402
5.900178750503983
5.945142520002264
5.7539375760024996
5.897596113500185
5.820470049002324
5.710787236486794
6.069410401003552
5.879083178500878
5.920747231008136
5.907669995998731
5.666383593008504
5.620387223505531
5.947424407495419
5.8139928495074855
6.050539246498374
6.277168600499863
5.986884940502932
6.053345580003224
6.312659290502779
5.781359397005872
5.624308010490495
6.240736507505062
5.8786894185032
