0.16074590099742636
0.1676179280038923
0.17803640949568944
0.16092928249418037
0.17371396700036712
0.1758396459990763
0.16360287899442483
0.15458891350135673
0.1726484925020486
0.17458968100254424
0.1635720999984187
0.17067100800340995
0.17569061500398675
0.17555968400120037
0.1651708739955211
0.16156662499997765
0.1737415614989004
0.16113722100271843
0.15698417749808868
0.15290542900038417
0.17820048749854323
0.17921606200980023
0.1773104589956347
0.20780102649587207
0.18546582899580244
0.19307245600793976
0.17404288549732883
0.17702187251416035
0.17814111450570635
0.18183569799293764
0.1722162514925003
0.1700105009949766
0.16642115100694355
0.19562967600359116
0.16282276051060762
0.1773474149958929
0.1713478730089264
0.1846821994986385
0.17511636899143923
0.1666615894937422
