34.810532371498994
34.425127130503824
34.962576119505684
34.68293364800047
36.01615205949929
33.746744564996334
34.46219227649999
36.488341631506046
34.51919694500248
34.15462210300029
34.784259364998434
36.12319229650166
35.077618778501346
34.83393396950123
37.31487332199322
35.71894963000523
34.98159760199633
34.71351043100003
35.134663984004874
34.41703856750246
22.827401931004715
21.651525669003604
21.275101842998993
21.850705529999686
21.606337756005814
21.873910293492372
22.371198209992144
22.368888060504105
21.885839773487533
21.907944494494586
21.450062654490466
20.90275120700244
22.088080559507944
21.947423717501806
20.968003108500852
22.473738989501726
21.57045274999109
21.84626150400436
21.72093897400191
20.46779950700875
