0.5143516914977226
0.48150185700069414
0.47659258999919984
0.5052028860009159
0.5079253845033236
0.5033247329993173
0.48520474699762417
0.494001297003706
0.5192697945021791
0.48459828400518745
0.4677923884955817
0.4655115610003122
0.4944825420025154
0.45576518199959537
0.46543883249978535
0.49912762849999126
0.49575924249802483
0.4967556460032938
0.5206125359982252
0.49967928000114625
0.5204661160096293
0.4821953114878852
0.5324978205026127
0.5400875024934066
0.49762733999523334
0.5195825330010848
0.5300532550027128
0.48860601348860655
0.4758808664919343
0.4882737125008134
0.5088964400056284
0.5289014165027766
0.5087264399917331
0.5286715679976624
0.4984587935032323
0.524325090504135
0.5220466145110549
0.5251567240047734
0.5125622449995717
0.5184337004902773
