0.025728817498020362
0.02820890500152018
0.0259822494990658
0.026483584500965662
0.02811343099892838
0.024329088999365922
0.027098526996269356
0.02833453800121788
0.02710196749831084
0.026551971495791804
0.02499637300206814
0.027623474998108577
0.026800453502801247
0.02855700149666518
0.02401341249787947
0.027684067499649245
0.026912091496342327
0.023761813004966825
0.026402154006063938
0.029895577499701176
0.02533816899813246
0.02539139849250205
0.02607009999337606
0.02830500199343078
0.023959717000252567
0.027063096989877522
0.028423878000467084
0.02778728900011629
0.02623369501088746
0.021409520006272942
0.02775748449494131
0.023881973000243306
0.02194356350810267
0.026789505500346422
0.027731440990464762
0.025873516511637717
0.024915404996136203
0.024297797004692256
0.023677714008954354
0.023928600494400598
