144.14562260950333
143.25373577299615
141.09615792350087
143.00431740350177
142.45580478299962
140.88195570350217
141.97305813000276
141.9054636294968
143.0003682434981
145.12135075550032
142.77684788850456
143.7198641560026
144.47599623550195
140.08361080050236
132.23733482400712
132.93156004049524
134.53902586399636
132.08980335450906
136.17206619499484
132.50393382100447
81.23031426499074
81.76157868749578
82.466840588997
83.03326501300035
79.96780379550182
83.45560184850183
85.08316951901361
84.67234806450142
81.9106398189906
83.23186565849755
83.87124266799947
82.50955990049988
81.07207709350041
83.40026391200081
85.21091119349876
83.87616630201228
84.52570302599634
81.55158503899293
84.02743511550943
83.80875828550779
