2.8433839845019975
2.9154040075009107
2.9551466854973114
2.8346732955033076
2.732761165498232
2.7620766005056794
3.2267250685035833
2.800318174995482
3.712581494000915
3.6985701925004832
2.882966614997713
3.712408432504162
3.7146458239949425
3.662952545499138
3.733980655997584
3.7034889830028987
3.6824988195003243
3.7204934984983993
3.645888309001748
2.8760318615022697
2.2030664149933727
2.26237676749588
2.2622372040059417
2.2579237684985856
1.8070960179902613
2.2269224195042625
1.8144700575066963
1.7506763144920114
2.253964350995375
1.8566887505003251
1.704162082489347
1.7003239634941565
2.2043786790018203
1.8243933475023368
1.7503673625033116
1.6892372965085087
1.8664650580030866
1.738030592998257
1.7396179805073189
2.2140296774887247
