0.19906589549646014
0.203863253002055
0.19955374299752293
0.21183921550255036
0.2052621030015871
0.19150506450387184
0.20336818099895027
0.20758681099687237
0.19515310300630517
0.20134282900107792
0.20151640249969205
0.19824429399886867
0.19588401899818564
0.1993093269993551
0.19786060899787117
0.20089959299366456
0.2096021689940244
0.20315963699977146
0.18616365200432483
0.20537812799739186
0.12622714600001927
0.12569100300606806
0.12340382249385584
0.12569729599636048
0.12358516550739296
0.12063616250816267
0.11432051500014495
0.1251339625014225
0.1304653094994137
0.1222311715100659
0.12305396801093593
0.12668516499979887
0.12681927949597593
0.1227356309973402
0.12604566549998708
0.12743284199677873
0.12517651850066613
0.12589970401313622
0.12533786399581004
0.1115959360031411
