7.972106292501849
7.75656758149853
7.76320422700519
11.258996771503007
11.257637108501513
11.346785657500732
7.634914363996359
7.456885942498047
8.316236223494343
11.35467263150349
7.578642794003827
7.775177338502544
11.208555509001599
11.302948861499317
7.608557983498031
8.332450730493292
7.524615962000098
7.7307482739997795
8.332998073499766
11.450953657003993
4.808213039999828
4.765600938000716
4.727778820990352
6.815109260511235
4.514766921987757
5.713042443501763
4.835087352999835
4.84903230999771
4.628354076499818
4.595748890991672
5.045497273997171
4.604803608497605
6.695271996504744
4.654665144509636
6.557163441510056
4.812222104490502
4.517067674489226
4.711226277489914
6.675537392002298
4.515703611497884
