0.44694738499674713
0.4998981270036893
0.5177080914945691
0.5015060455043567
0.49803928450273816
0.49475118149712216
0.49798859500151593
0.4621176069995272
0.4986592580025899
0.501246430001629
0.49580161099584075
0.5141381915018428
0.44166060699353693
0.49240518500300823
0.506658933001745
0.5097874729981413
0.5016403769986937
0.5052717090002261
0.49078733200440183
0.5128914119995898
0.3082806540041929
0.3176648384978762
0.3021153720037546
0.2860329035029281
0.31083215901162475
0.3066980364965275
0.30709431000286713
0.3039173824945465
0.3064213730103802
0.307906878500944
0.3156582884985255
0.3100843215070199
0.31333431499660946
0.2641245374979917
0.30766886300989427
0.3081031159963459
0.2724366970069241
0.3027259655063972
0.30497991549782455
0.3101870110112941
