25.667254390995367
22.21327429500525
21.929113336998853
24.986725529000978
21.76846506849688
23.155211399498512
22.147876393501065
25.153089979496144
22.436185749000288
21.287741098007245
21.609542452504684
23.424933031506953
21.74353893850639
22.820034706004662
23.200271155998053
23.75192503799917
21.262749435496517
22.210787092000828
22.036496445500234
23.47517475100176
12.720112478506053
13.121871072507929
13.107042360497871
14.027180958990357
13.189266148998286
13.090487581503112
13.068273729993962
13.138667927996721
21.869180162000703
13.699541011505062
14.063812215506914
13.739973624004051
13.349943611508934
13.742101736497716
13.993589477991918
14.346915937509038
13.295519234001404
15.059077026991872
13.276826386005268
13.720685762003995
