1.120147129004181
1.347542773000896
1.3164224619977176
1.104279724000662
1.3383897905005142
1.335446729499381
1.091246437499649
1.3266867349957465
1.3243674250043114
1.3271010394964833
1.1354297440047958
1.0801465534968884
1.3563639674976002
1.314168058001087
1.3146626634988934
1.3133035959981498
1.3199810544974753
1.0640586220033583
1.1242102655014605
1.355734629003564
0.7387183944956632
0.8103500084980624
0.793849408000824
0.6772781674953876
0.7990610054985154
0.8248430435050977
0.8103255030000582
0.6833116620109649
0.6523045390058542
0.7126344770076685
0.7981901214952813
0.710248960996978
0.6617480794957373
0.8031250014901161
0.8202220560051501
0.6860162429948105
0.8312916604918428
0.7907882779982174
0.6919390404946171
0.8128768799942918
