0.08364949100359809
0.08551765499578323
0.08348054200178012
0.08650075000332436
0.0826878755033249
0.0852664064950659
0.08452627349470276
0.08550043249852024
0.07982270000502467
0.0867562710045604
0.08194707550137537
0.08145428300485946
0.08142892600153573
0.08486677250039065
0.08759414149972145
0.08269503300107317
0.08375479149981402
0.08427160900464514
0.08402149300673045
0.08481751049839659
0.05013237400271464
0.05243273549422156
0.052621120994444937
0.05310056199959945
0.05189936299575493
0.05315160799364094
0.05354613250528928
0.05164985349983908
0.05203028650430497
0.05367686550016515
0.05268418850027956
0.05169973149895668
0.052459555488894694
0.05219652099185623
0.05128997399879154
0.05209696550446097
0.05252207200101111
0.0516313190018991
0.053745789497043006
0.0506495570007246
