66.30433380400063
78.68264842300414
65.84499850300199
65.70292911800061
75.33397780200175
65.29621135400521
67.37822743099969
65.27033099850087
64.82877544899384
65.21934915349993
68.22894036900107
66.37513103550009
66.82922081399738
65.03560123049829
66.24759946099948
66.8145872669993
67.23063696349709
65.46376909999526
67.2545862324987
66.86640784449992
42.35694244649494
43.144793512503384
40.43370238800708
39.46249105549941
38.915683193001314
42.43768439650012
40.87714847699681
39.504829889992834
39.77222430150141
39.848285848493106
42.72763893850788
41.94447581849818
43.5027770470042
42.38930342849926
38.447361507001915
46.1379289864999
42.24251585549791
40.11673526650702
40.658777485994506
41.236308895997354
